36136	1
331	2
3410	3
2808	4
17431	5
557	6
7637	7
9208	8
8250	9
29223	10
4465	11
6303	12
4525	13
23589	14
9048	15
23320	16
14784	17
11485	18
12859	19
36278	20
5285	21
7083	22
171	23
7495	24
6207	25
2019	26
3000	27
4225	28
55	29
14782	30
6479	31
13754	32
32530	33
24403	34
34961	35
35888	36
1028	37
30766	38
1980	39
24847	40
1348	41
7123	42
35432	43
8336	44
22124	45
36350	46
14841	47
36351	48
14000	49
9452	50
1668	51
36352	52
6035	53
35588	54
10693	55
5790	56
22293	57
11694	58
1439	59
1762	60
9695	61
32513	62
25435	63
29448	64
33695	65
3908	66
2357	67
26591	68
21403	69
34029	70
26250	71
28399	72
34183	73
20692	74
4946	75
1353	76
32075	77
9016	78
15389	79
10196	80
2070	81
9	82
19080	83
472	84
10478	85
2517	86
8604	87
36353	88
30050	89
19331	90
502	91
20212	92
15803	93
12209	94
73	95
22345	96
18825	97
12602	98
12991	99
815	100
18891	101
4339	102
4082	103
12277	104
6805	105
7928	106
1655	107
11066	108
8703	109
2853	110
2027	111
15500	112
17740	113
33424	114
7421	115
20297	116
21563	117
738	118
5274	119
579	120
21816	121
18153	122
4534	123
3359	124
29767	125
15171	126
10058	127
33665	128
21731	129
9818	130
6575	131
28017	132
35088	133
21608	134
32461	135
27641	136
9709	137
31149	138
25938	139
10268	140
18114	141
7426	142
5703	143
26600	144
21105	145
34262	146
28492	147
2644	148
21315	149
6823	150
1480	151
3658	152
29622	153
32074	154
10939	155
8121	156
11546	157
13633	158
23184	159
4575	160
28877	161
2716	162
5002	163
2460	164
22690	165
476	166
612	167
4109	168
5993	169
29144	170
31874	171
29419	172
516	173
1808	174
24232	175
19963	176
1032	177
14567	178
424	179
16241	180
2883	181
30055	182
28196	183
13596	184
8840	185
31336	186
4112	187
13874	188
35599	189
20408	190
3107	191
14381	192
14656	193
35928	194
24788	195
7303	196
17019	197
36279	198
23345	199
13154	200
5502	201
2534	202
7538	203
34001	204
252	205
36354	206
21543	207
29826	208
4057	209
6599	210
19578	211
14430	212
33542	213
5944	214
34859	215
21492	216
18418	217
9471	218
461	219
30641	220
2802	221
488	222
15964	223
186	224
35469	225
2225	226
23096	227
31443	228
36127	229
3095	230
16000	231
26864	232
5948	233
572	234
2749	235
3023	236
10944	237
4679	238
22291	239
30198	240
4587	241
916	242
34154	243
33328	244
9455	245
995	246
34851	247
33026	248
408	249
681	250
5431	251
5872	252
6801	253
24515	254
12409	255
6836	256
18548	257
25308	258
2812	259
2041	260
15664	261
31897	262
19886	263
3659	264
12852	265
8973	266
35276	267
26498	268
12584	269
34279	270
30451	271
6395	272
5902	273
35370	274
7431	275
551	276
270	277
6016	278
29640	279
33234	280
23052	281
32011	282
33	283
2121	284
17429	285
35507	286
35494	287
34176	288
2214	289
11077	290
7811	291
19135	292
1058	293
9925	294
29741	295
1343	296
8145	297
8554	298
10255	299
24411	300
2268	301
1331	302
6921	303
30934	304
4073	305
9642	306
3354	307
4797	308
6939	309
14047	310
1256	311
25365	312
11170	313
1182	314
283	315
34694	316
26648	317
5844	318
36355	319
29772	320
32171	321
1372	322
1305	323
12477	324
645	325
1013	326
730	327
107	328
679	329
24327	330
17476	331
24074	332
1782	333
1069	334
6049	335
9750	336
23004	337
896	338
2361	339
3989	340
36195	341
7044	342
31193	343
30643	344
307	345
29038	346
35070	347
2698	348
36298	349
35455	350
36303	351
6710	352
32735	353
4605	354
6905	355
3370	356
35972	357
5392	358
4606	359
19238	360
15976	361
20154	362
7422	363
32583	364
3186	365
36086	366
2059	367
1066	368
12365	369
35196	370
8022	371
908	372
9937	373
4287	374
4263	375
14607	376
10202	377
35407	378
1298	379
29495	380
34746	381
2433	382
11613	383
11143	384
11392	385
788	386
28555	387
1383	388
27105	389
4749	390
35767	391
4778	392
419	393
11891	394
33989	395
17104	396
36243	397
21237	398
16506	399
27857	400
14435	401
4333	402
1017	403
21752	404
24993	405
15432	406
6190	407
17206	408
33398	409
18667	410
36059	411
13289	412
929	413
6240	414
5508	415
26546	416
1034	417
5318	418
31434	419
3792	420
6907	421
901	422
19920	423
7654	424
955	425
2271	426
3180	427
377	428
7232	429
5788	430
23794	431
2046	432
1925	433
32433	434
1196	435
5673	436
10285	437
22673	438
10703	439
2276	440
23493	441
7229	442
6611	443
13864	444
25323	445
16987	446
27672	447
36356	448
29692	449
35923	450
30755	451
26514	452
8757	453
13778	454
26259	455
32493	456
1816	457
14486	458
1822	459
29969	460
6759	461
10860	462
34732	463
34362	464
21850	465
5242	466
9612	467
30417	468
31060	469
1626	470
13010	471
36177	472
1287	473
35282	474
167	475
6077	476
433	477
5659	478
4290	479
32968	480
15985	481
18046	482
32317	483
19908	484
14408	485
34106	486
1692	487
19208	488
31039	489
13054	490
22407	491
14790	492
9372	493
29454	494
13046	495
24435	496
1593	497
7736	498
1743	499
297	500
4059	501
16382	502
10598	503
3012	504
57	505
3461	506
6755	507
32726	508
13198	509
12972	510
6332	511
25894	512
757	513
9965	514
1705	515
1615	516
2852	517
36168	518
13954	519
29688	520
1578	521
7677	522
31347	523
23828	524
29532	525
24850	526
24695	527
7247	528
11514	529
23479	530
33352	531
6159	532
3581	533
23519	534
25624	535
14724	536
8557	537
28417	538
10885	539
21254	540
17699	541
7822	542
24053	543
35448	544
32245	545
479	546
36308	547
34460	548
36230	549
36246	550
36357	551
4792	552
35401	553
7626	554
10471	555
21892	556
12998	557
35620	558
26075	559
13881	560
12162	561
4085	562
21365	563
23248	564
23205	565
11949	566
28801	567
14040	568
3101	569
30846	570
2137	571
20036	572
31582	573
8689	574
21547	575
25173	576
17509	577
10650	578
11023	579
3561	580
7821	581
5456	582
6162	583
36289	584
34791	585
26796	586
8824	587
7424	588
17818	589
16231	590
7771	591
10152	592
31912	593
19958	594
2144	595
6733	596
19477	597
14045	598
2425	599
1968	600
20939	601
27041	602
7568	603
22528	604
27397	605
20962	606
3878	607
6544	608
11107	609
2472	610
11642	611
6267	612
26271	613
34023	614
18762	615
25278	616
411	617
8683	618
423	619
8901	620
3053	621
14145	622
8215	623
30224	624
14498	625
11898	626
34197	627
29591	628
34788	629
7478	630
16294	631
14925	632
24132	633
6603	634
20105	635
9106	636
25286	637
17433	638
33057	639
29547	640
32869	641
22391	642
8411	643
13023	644
4417	645
2442	646
30134	647
3305	648
11788	649
24998	650
16480	651
585	652
4661	653
4411	654
6430	655
329	656
13679	657
35852	658
27582	659
34796	660
27351	661
1322	662
28405	663
2694	664
36274	665
7848	666
21786	667
17497	668
24035	669
5829	670
4487	671
36180	672
35856	673
3021	674
31641	675
28076	676
19288	677
1965	678
4488	679
9380	680
13637	681
15391	682
7625	683
16085	684
7991	685
13652	686
28412	687
8818	688
5036	689
4195	690
3976	691
36157	692
7549	693
306	694
6961	695
12532	696
15045	697
16519	698
30544	699
4669	700
34704	701
18305	702
28367	703
30537	704
884	705
30273	706
8909	707
555	708
3116	709
27593	710
25738	711
83	712
17715	713
1140	714
820	715
34219	716
18231	717
11982	718
20687	719
2230	720
15923	721
15394	722
29219	723
6142	724
7160	725
36346	726
27078	727
823	728
15058	729
27873	730
5219	731
2824	732
4114	733
9146	734
32575	735
19589	736
33709	737
30817	738
27884	739
32526	740
9594	741
14669	742
18405	743
10941	744
189	745
15397	746
33850	747
26499	748
6422	749
25790	750
139	751
7273	752
1839	753
1868	754
1881	755
5270	756
36358	757
36359	758
569	759
18671	760
12345	761
31750	762
36360	763
1612	764
36361	765
14036	766
12250	767
16495	768
36208	769
3113	770
36362	771
7646	772
36363	773
36364	774
36365	775
36333	776
687	777
2374	778
11804	779
36366	780
16342	781
32843	782
1368	783
3829	784
28572	785
26420	786
9542	787
21370	788
16559	789
29962	790
15627	791
36367	792
18006	793
14388	794
6742	795
26236	796
20029	797
9336	798
3463	799
16931	800
6781	801
27124	802
13156	803
20371	804
7846	805
19591	806
33943	807
36015	808
2291	809
31497	810
24402	811
17178	812
19507	813
20279	814
18422	815
32777	816
30166	817
25519	818
14477	819
36368	820
36029	821
21873	822
29106	823
6668	824
34155	825
21944	826
18011	827
8581	828
10886	829
26198	830
28706	831
478	832
34832	833
25531	834
446	835
12810	836
25256	837
10756	838
2972	839
30468	840
5451	841
8883	842
5400	843
15189	844
6103	845
16320	846
258	847
5522	848
21358	849
21541	850
36328	851
11233	852
10258	853
34245	854
3434	855
16691	856
18660	857
18482	858
29410	859
6842	860
13807	861
25946	862
1258	863
5649	864
35204	865
2979	866
7012	867
13069	868
9954	869
10893	870
28588	871
3210	872
19640	873
28641	874
29139	875
33611	876
2550	877
21835	878
26538	879
24273	880
10195	881
25494	882
9462	883
9651	884
36261	885
35020	886
18588	887
25680	888
21167	889
14362	890
16647	891
18714	892
33062	893
27942	894
32303	895
13288	896
34478	897
16172	898
27692	899
20083	900
26555	901
12415	902
4796	903
28966	904
16432	905
1611	906
14710	907
5269	908
25193	909
2519	910
10937	911
22469	912
9947	913
11381	914
8380	915
32168	916
32100	917
13903	918
9952	919
9625	920
4164	921
10033	922
4433	923
8401	924
35086	925
2962	926
9548	927
4869	928
5964	929
19674	930
8825	931
5760	932
21476	933
28066	934
6154	935
10049	936
36369	937
21328	938
15596	939
2176	940
21136	941
33478	942
35962	943
8086	944
5928	945
9832	946
8996	947
34530	948
20902	949
12068	950
26302	951
19898	952
21971	953
5537	954
17560	955
28942	956
31285	957
24036	958
10792	959
370	960
9445	961
10385	962
16596	963
6821	964
29610	965
5530	966
36370	967
4197	968
111	969
3933	970
12411	971
1116	972
25036	973
34543	974
531	975
1111	976
2010	977
380	978
1309	979
36090	980
1118	981
6167	982
1920	983
2581	984
35832	985
18106	986
11958	987
30461	988
27937	989
25965	990
257	991
2139	992
34146	993
36317	994
13087	995
29630	996
866	997
14075	998
3524	999
13619	1000
4828	1001
36371	1002
27871	1003
9581	1004
11117	1005
18010	1006
6188	1007
24353	1008
35540	1009
15749	1010
10013	1011
17130	1012
31176	1013
4167	1014
4122	1015
24165	1016
24343	1017
6686	1018
34360	1019
6501	1020
16457	1021
4421	1022
2314	1023
12618	1024
24625	1025
29649	1026
36189	1027
15858	1028
6350	1029
30881	1030
36322	1031
36325	1032
17515	1033
33043	1034
27706	1035
36372	1036
33553	1037
31711	1038
2468	1039
26981	1040
14008	1041
29972	1042
36373	1043
32723	1044
29730	1045
30017	1046
36374	1047
15290	1048
36375	1049
2409	1050
10270	1051
13015	1052
16619	1053
801	1054
21828	1055
21422	1056
6678	1057
25012	1058
1286	1059
36305	1060
25919	1061
9859	1062
9777	1063
22561	1064
17652	1065
29686	1066
7628	1067
23017	1068
418	1069
15154	1070
30555	1071
30897	1072
10836	1073
30842	1074
3847	1075
3513	1076
22710	1077
24226	1078
1217	1079
23835	1080
32606	1081
3709	1082
4733	1083
25043	1084
11715	1085
26320	1086
337	1087
11240	1088
30179	1089
988	1090
26052	1091
11166	1092
34149	1093
3084	1094
32459	1095
24169	1096
216	1097
18832	1098
8755	1099
2380	1100
32749	1101
31136	1102
32316	1103
23808	1104
17965	1105
18716	1106
10943	1107
891	1108
6817	1109
836	1110
33105	1111
20691	1112
27215	1113
7444	1114
4381	1115
35882	1116
16375	1117
24404	1118
10660	1119
34364	1120
8396	1121
27643	1122
17381	1123
21554	1124
1686	1125
20734	1126
237	1127
16658	1128
6068	1129
2720	1130
17956	1131
1190	1132
3879	1133
11271	1134
1595	1135
29989	1136
14924	1137
14057	1138
28795	1139
14326	1140
13879	1141
16913	1142
11789	1143
5462	1144
22413	1145
3866	1146
21993	1147
18919	1148
14415	1149
27251	1150
1010	1151
7060	1152
8350	1153
36376	1154
31016	1155
24140	1156
35354	1157
34324	1158
9441	1159
25642	1160
26842	1161
9711	1162
2752	1163
24270	1164
7381	1165
33914	1166
17893	1167
27605	1168
3603	1169
22327	1170
6966	1171
25351	1172
3137	1173
19905	1174
3417	1175
1905	1176
29353	1177
26743	1178
4788	1179
7712	1180
10880	1181
4894	1182
28295	1183
20634	1184
3833	1185
26533	1186
23180	1187
560	1188
30861	1189
19652	1190
20892	1191
19371	1192
1836	1193
11529	1194
2504	1195
18946	1196
28749	1197
9894	1198
17407	1199
115	1200
1442	1201
7048	1202
29256	1203
22758	1204
17789	1205
31348	1206
5277	1207
30927	1208
35915	1209
20108	1210
13602	1211
36377	1212
4591	1213
343	1214
17932	1215
5988	1216
8829	1217
24039	1218
4438	1219
11841	1220
24811	1221
6173	1222
1504	1223
6897	1224
22839	1225
7314	1226
349	1227
13845	1228
30898	1229
36378	1230
8586	1231
36379	1232
12424	1233
6598	1234
2161	1235
6048	1236
5654	1237
4824	1238
18081	1239
3013	1240
8324	1241
25172	1242
12139	1243
36380	1244
34182	1245
8444	1246
11195	1247
9233	1248
27904	1249
32844	1250
21067	1251
1634	1252
36381	1253
18122	1254
3029	1255
5479	1256
5783	1257
8874	1258
16031	1259
9485	1260
5198	1261
21924	1262
4413	1263
4573	1264
2029	1265
2265	1266
13341	1267
373	1268
3074	1269
11323	1270
29905	1271
10854	1272
5097	1273
3278	1274
6569	1275
23490	1276
8217	1277
16349	1278
27372	1279
2160	1280
19724	1281
11028	1282
13976	1283
9242	1284
5731	1285
902	1286
35363	1287
13284	1288
15707	1289
36349	1290
34511	1291
36382	1292
22754	1293
30253	1294
11064	1295
292	1296
8865	1297
35411	1298
11808	1299
36327	1300
32073	1301
6707	1302
36084	1303
27946	1304
24486	1305
2777	1306
9473	1307
34260	1308
13676	1309
34917	1310
15643	1311
17144	1312
29035	1313
26100	1314
1882	1315
22916	1316
16672	1317
35842	1318
32814	1319
29369	1320
4694	1321
24271	1322
22745	1323
14085	1324
23158	1325
846	1326
12710	1327
9324	1328
15331	1329
24007	1330
3642	1331
19250	1332
14835	1333
16010	1334
23910	1335
5770	1336
25475	1337
530	1338
36383	1339
25985	1340
33345	1341
642	1342
16650	1343
22043	1344
26933	1345
8116	1346
5009	1347
31752	1348
20712	1349
35810	1350
29068	1351
12854	1352
2870	1353
23260	1354
10073	1355
17142	1356
22848	1357
4682	1358
14809	1359
17143	1360
20935	1361
13872	1362
5849	1363
13911	1364
20057	1365
11203	1366
20736	1367
10249	1368
28869	1369
11610	1370
5221	1371
10908	1372
4710	1373
10898	1374
663	1375
36384	1376
14311	1377
1556	1378
8311	1379
30008	1380
17714	1381
24026	1382
30031	1383
15725	1384
21312	1385
24741	1386
5926	1387
15144	1388
1892	1389
26996	1390
25535	1391
32989	1392
21867	1393
19489	1394
16032	1395
28745	1396
18213	1397
34520	1398
31037	1399
10626	1400
32166	1401
12107	1402
19116	1403
18521	1404
13682	1405
16606	1406
11075	1407
7974	1408
27745	1409
21699	1410
26509	1411
3273	1412
7457	1413
4841	1414
16841	1415
667	1416
12054	1417
17208	1418
2092	1419
268	1420
15636	1421
32393	1422
13988	1423
31830	1424
31292	1425
23166	1426
4544	1427
1364	1428
8658	1429
11222	1430
15383	1431
29735	1432
35275	1433
34109	1434
11760	1435
24724	1436
102	1437
22551	1438
7487	1439
13358	1440
9343	1441
23618	1442
3102	1443
7902	1444
19774	1445
10242	1446
17743	1447
4134	1448
23065	1449
22773	1450
3578	1451
6300	1452
31768	1453
24882	1454
15400	1455
19121	1456
10382	1457
7924	1458
33718	1459
15772	1460
946	1461
27323	1462
4352	1463
1535	1464
1679	1465
4836	1466
18554	1467
17125	1468
31161	1469
23602	1470
11458	1471
14618	1472
9730	1473
229	1474
29509	1475
12129	1476
27056	1477
36385	1478
2818	1479
19922	1480
5297	1481
16155	1482
19684	1483
19813	1484
14921	1485
20207	1486
5136	1487
5602	1488
5943	1489
25667	1490
19043	1491
29051	1492
10624	1493
31766	1494
5846	1495
7756	1496
1184	1497
1168	1498
26965	1499
4305	1500
29329	1501
2018	1502
6402	1503
7097	1504
3873	1505
15739	1506
841	1507
31504	1508
15934	1509
32369	1510
6894	1511
31599	1512
27687	1513
24186	1514
6027	1515
26692	1516
29490	1517
32301	1518
27132	1519
12711	1520
32913	1521
10347	1522
9737	1523
19608	1524
919	1525
28615	1526
956	1527
21695	1528
34334	1529
25178	1530
32906	1531
19869	1532
17483	1533
12121	1534
2125	1535
16043	1536
28015	1537
8521	1538
353	1539
19943	1540
627	1541
16126	1542
18518	1543
30235	1544
26262	1545
18148	1546
7492	1547
6895	1548
24323	1549
14465	1550
1919	1551
19829	1552
23043	1553
21693	1554
21583	1555
6553	1556
4093	1557
25489	1558
1290	1559
2319	1560
13411	1561
26908	1562
22337	1563
1523	1564
10803	1565
14121	1566
14442	1567
6962	1568
31532	1569
17066	1570
5409	1571
8904	1572
8423	1573
31290	1574
21629	1575
28559	1576
13418	1577
28410	1578
27613	1579
1843	1580
33540	1581
7507	1582
13261	1583
18814	1584
23044	1585
29184	1586
10745	1587
1201	1588
1837	1589
30726	1590
9131	1591
35479	1592
11738	1593
15531	1594
7885	1595
22459	1596
6094	1597
25834	1598
25714	1599
13801	1600
23212	1601
11941	1602
24926	1603
8880	1604
29843	1605
27862	1606
19875	1607
13274	1608
13079	1609
8437	1610
10591	1611
19117	1612
32852	1613
29159	1614
4892	1615
33661	1616
27015	1617
36097	1618
33508	1619
35030	1620
29857	1621
9237	1622
20921	1623
1107	1624
32637	1625
852	1626
35925	1627
14645	1628
21475	1629
9351	1630
12982	1631
26887	1632
25953	1633
32368	1634
34440	1635
34521	1636
8002	1637
28622	1638
1021	1639
4067	1640
21527	1641
17510	1642
13111	1643
34112	1644
10354	1645
35754	1646
17544	1647
4074	1648
4663	1649
11091	1650
3303	1651
15113	1652
29500	1653
33246	1654
769	1655
36311	1656
3951	1657
11689	1658
22040	1659
27391	1660
768	1661
7583	1662
7828	1663
20025	1664
25901	1665
24476	1666
3614	1667
31350	1668
31351	1669
1216	1670
35645	1671
23642	1672
2693	1673
3806	1674
27452	1675
17782	1676
17269	1677
26439	1678
3574	1679
4672	1680
3056	1681
20218	1682
2033	1683
10495	1684
19513	1685
11933	1686
16500	1687
22308	1688
13510	1689
18083	1690
36386	1691
18639	1692
28408	1693
35399	1694
13630	1695
10878	1696
24603	1697
19656	1698
20640	1699
12268	1700
3430	1701
23485	1702
20418	1703
35441	1704
17084	1705
7875	1706
3851	1707
29678	1708
32782	1709
13227	1710
15806	1711
1799	1712
29709	1713
4495	1714
25742	1715
442	1716
33190	1717
32463	1718
13281	1719
2109	1720
29856	1721
35823	1722
22468	1723
2686	1724
14930	1725
35959	1726
4976	1727
7335	1728
17695	1729
455	1730
26193	1731
1096	1732
8242	1733
28317	1734
26983	1735
13466	1736
5561	1737
21922	1738
2648	1739
6366	1740
1613	1741
5133	1742
5057	1743
2556	1744
7301	1745
23084	1746
8527	1747
10864	1748
7968	1749
6306	1750
22188	1751
3402	1752
34852	1753
16064	1754
4812	1755
35412	1756
3221	1757
26928	1758
16666	1759
31978	1760
25090	1761
285	1762
23292	1763
36254	1764
10904	1765
24985	1766
2530	1767
5117	1768
16400	1769
945	1770
7745	1771
29979	1772
14394	1773
2734	1774
571	1775
31614	1776
13736	1777
5778	1778
153	1779
2183	1780
22205	1781
5341	1782
26446	1783
23433	1784
14971	1785
11645	1786
2143	1787
5562	1788
13564	1789
1095	1790
3256	1791
24748	1792
35690	1793
18760	1794
14001	1795
32796	1796
11809	1797
266	1798
22006	1799
36193	1800
13934	1801
13106	1802
11560	1803
35306	1804
1665	1805
28312	1806
8660	1807
1712	1808
10643	1809
7588	1810
30831	1811
29703	1812
25664	1813
31885	1814
655	1815
17764	1816
26235	1817
32961	1818
4389	1819
8743	1820
32448	1821
20026	1822
7377	1823
22858	1824
30183	1825
8917	1826
8671	1827
7203	1828
21161	1829
2618	1830
19515	1831
3548	1832
29655	1833
26837	1834
14255	1835
3205	1836
34924	1837
19845	1838
23319	1839
22780	1840
11087	1841
29813	1842
22090	1843
5629	1844
13168	1845
3059	1846
5291	1847
12722	1848
21911	1849
33888	1850
7334	1851
32887	1852
1342	1853
6850	1854
12875	1855
4315	1856
35293	1857
1033	1858
26091	1859
8408	1860
36387	1861
36335	1862
13287	1863
9322	1864
7415	1865
32427	1866
35864	1867
13033	1868
34191	1869
3937	1870
23610	1871
12077	1872
11954	1873
1846	1874
35501	1875
8032	1876
33987	1877
11762	1878
2226	1879
28473	1880
6139	1881
13063	1882
25472	1883
25734	1884
26216	1885
7743	1886
21776	1887
10387	1888
8962	1889
5507	1890
2510	1891
16950	1892
34647	1893
35985	1894
36388	1895
1070	1896
495	1897
13439	1898
1284	1899
23440	1900
20719	1901
11100	1902
1697	1903
28223	1904
7116	1905
36212	1906
33875	1907
35491	1908
14054	1909
21331	1910
11815	1911
33377	1912
1085	1913
18015	1914
26110	1915
34601	1916
16527	1917
10025	1918
9283	1919
378	1920
1811	1921
7172	1922
5137	1923
1449	1924
22182	1925
5121	1926
32577	1927
3191	1928
11329	1929
11736	1930
58	1931
34636	1932
20703	1933
1766	1934
24760	1935
2273	1936
12513	1937
33777	1938
27334	1939
24032	1940
15513	1941
35044	1942
32745	1943
6246	1944
5956	1945
29913	1946
16366	1947
6176	1948
8524	1949
18897	1950
29550	1951
25524	1952
34914	1953
5669	1954
21252	1955
4102	1956
17836	1957
1172	1958
36389	1959
22167	1960
31957	1961
16829	1962
25634	1963
13295	1964
29322	1965
15604	1966
23558	1967
35558	1968
28982	1969
24792	1970
6629	1971
4928	1972
21784	1973
20854	1974
5612	1975
6378	1976
17256	1977
17003	1978
16694	1979
18222	1980
30786	1981
28334	1982
35361	1983
1582	1984
20769	1985
8804	1986
33830	1987
1971	1988
21238	1989
27821	1990
30324	1991
4313	1992
4916	1993
20487	1994
6448	1995
3912	1996
897	1997
33460	1998
5698	1999
9436	2000
3092	2001
31969	2002
31676	2003
29683	2004
2083	2005
18152	2006
18683	2007
12084	2008
7714	2009
33889	2010
7343	2011
27	2012
597	2013
25436	2014
23789	2015
2932	2016
36314	2017
19011	2018
2591	2019
8923	2020
3501	2021
11082	2022
12369	2023
22974	2024
1794	2025
32233	2026
7358	2027
10798	2028
25855	2029
7182	2030
32903	2031
2767	2032
30077	2033
16675	2034
27697	2035
9544	2036
7425	2037
28812	2038
10532	2039
16914	2040
35415	2041
3271	2042
3070	2043
16876	2044
28722	2045
14049	2046
11147	2047
2064	2048
30814	2049
36390	2050
12038	2051
5982	2052
20704	2053
24647	2054
13014	2055
25052	2056
29325	2057
23661	2058
22491	2059
11703	2060
29529	2061
32154	2062
4176	2063
26810	2064
5453	2065
9141	2066
21162	2067
3862	2068
28315	2069
36391	2070
28599	2071
35571	2072
7605	2073
18994	2074
7920	2075
16737	2076
24927	2077
9499	2078
36392	2079
14139	2080
32549	2081
14574	2082
17649	2083
799	2084
33150	2085
3817	2086
33577	2087
24823	2088
1454	2089
27034	2090
36341	2091
12788	2092
18523	2093
1827	2094
13831	2095
16217	2096
2087	2097
3553	2098
4992	2099
1412	2100
688	2101
29282	2102
20063	2103
36393	2104
18313	2105
20152	2106
8832	2107
9061	2108
11631	2109
2501	2110
16732	2111
27066	2112
14126	2113
635	2114
25700	2115
3373	2116
9999	2117
14640	2118
25484	2119
18591	2120
33945	2121
29844	2122
16504	2123
8462	2124
30487	2125
355	2126
23956	2127
16743	2128
8156	2129
14729	2130
13224	2131
30024	2132
5050	2133
12489	2134
14557	2135
6885	2136
5527	2137
5418	2138
12282	2139
12052	2140
25752	2141
29980	2142
33686	2143
22347	2144
26701	2145
11870	2146
24583	2147
33319	2148
16499	2149
2805	2150
5826	2151
8918	2152
14014	2153
10324	2154
33621	2155
30771	2156
11269	2157
23280	2158
88	2159
26137	2160
5498	2161
4036	2162
35037	2163
36344	2164
36130	2165
7051	2166
9646	2167
4261	2168
29685	2169
28497	2170
36394	2171
29384	2172
36334	2173
28532	2174
36330	2175
12858	2176
34678	2177
36395	2178
34411	2179
1300	2180
36281	2181
24514	2182
12309	2183
27524	2184
15205	2185
14489	2186
5438	2187
22720	2188
7551	2189
32372	2190
29485	2191
30332	2192
11466	2193
36249	2194
7869	2195
9038	2196
21844	2197
8152	2198
31594	2199
23370	2200
29284	2201
29311	2202
2713	2203
28746	2204
6258	2205
9974	2206
7878	2207
34256	2208
2430	2209
26121	2210
21829	2211
5457	2212
39	2213
13314	2214
9634	2215
28	2216
16727	2217
1075	2218
24690	2219
20776	2220
14839	2221
32599	2222
35372	2223
25881	2224
23356	2225
9293	2226
20564	2227
4380	2228
31284	2229
1739	2230
6964	2231
8963	2232
24305	2233
9352	2234
7020	2235
2280	2236
25150	2237
30178	2238
20531	2239
31938	2240
33174	2241
15034	2242
18279	2243
30607	2244
16680	2245
12118	2246
9653	2247
31680	2248
23340	2249
359	2250
33668	2251
34318	2252
31728	2253
6509	2254
28872	2255
6087	2256
12329	2257
27204	2258
10664	2259
16703	2260
11746	2261
10113	2262
23298	2263
18955	2264
28820	2265
7338	2266
33705	2267
32124	2268
2980	2269
27349	2270
17337	2271
534	2272
12701	2273
669	2274
18565	2275
32559	2276
4308	2277
4567	2278
15499	2279
32133	2280
33325	2281
12943	2282
36324	2283
35043	2284
29028	2285
14610	2286
21542	2287
20536	2288
3620	2289
23357	2290
25248	2291
5797	2292
14591	2293
23421	2294
4578	2295
6511	2296
6233	2297
16862	2298
35332	2299
9454	2300
4322	2301
12473	2302
27993	2303
11152	2304
32612	2305
34643	2306
30382	2307
2724	2308
16199	2309
17998	2310
6293	2311
13972	2312
13538	2313
17682	2314
6702	2315
25132	2316
21081	2317
30656	2318
15905	2319
26289	2320
6951	2321
8968	2322
2759	2323
36292	2324
36396	2325
126	2326
16617	2327
22114	2328
26554	2329
23742	2330
30534	2331
33067	2332
15478	2333
4132	2334
25803	2335
1405	2336
19587	2337
29270	2338
14787	2339
31679	2340
2715	2341
14855	2342
32971	2343
15211	2344
20	2345
14576	2346
13088	2347
4237	2348
36347	2349
19421	2350
18285	2351
3156	2352
1362	2353
16723	2354
12904	2355
9215	2356
9536	2357
9772	2358
30905	2359
5476	2360
3903	2361
28345	2362
1376	2363
36397	2364
24413	2365
32190	2366
23371	2367
36398	2368
1638	2369
10906	2370
33275	2371
26280	2372
4654	2373
26873	2374
10612	2375
20191	2376
18863	2377
6194	2378
31137	2379
5940	2380
3367	2381
16398	2382
3405	2383
1063	2384
637	2385
34605	2386
25411	2387
27348	2388
917	2389
27913	2390
33674	2391
6152	2392
900	2393
5827	2394
8484	2395
18964	2396
28783	2397
413	2398
17839	2399
14146	2400
29997	2401
5089	2402
36124	2403
28620	2404
19791	2405
2049	2406
1416	2407
2043	2408
15242	2409
29250	2410
4995	2411
19626	2412
28733	2413
19259	2414
5374	2415
3990	2416
5443	2417
26893	2418
3775	2419
22478	2420
16964	2421
30222	2422
30728	2423
1303	2424
3327	2425
13211	2426
12784	2427
6051	2428
18849	2429
13609	2430
14687	2431
5651	2432
11252	2433
1703	2434
4186	2435
6533	2436
31769	2437
2175	2438
25923	2439
28637	2440
36399	2441
36400	2442
36064	2443
27521	2444
4900	2445
31620	2446
35514	2447
10490	2448
22307	2449
25188	2450
2634	2451
34278	2452
29631	2453
30731	2454
25644	2455
30143	2456
29743	2457
911	2458
13499	2459
10955	2460
29837	2461
16025	2462
31033	2463
27728	2464
36257	2465
5191	2466
12582	2467
36401	2468
14747	2469
11265	2470
9707	2471
33358	2472
16613	2473
11501	2474
34952	2475
11892	2476
12311	2477
15959	2478
18525	2479
9723	2480
9386	2481
12200	2482
8205	2483
16709	2484
12894	2485
32382	2486
35869	2487
22161	2488
23200	2489
24730	2490
4192	2491
31672	2492
30399	2493
10842	2494
9509	2495
10356	2496
12536	2497
6768	2498
27055	2499
20888	2500
10540	2501
35269	2502
15940	2503
31997	2504
20290	2505
10364	2506
35379	2507
5163	2508
18138	2509
30436	2510
2016	2511
10118	2512
22423	2513
34368	2514
14694	2515
7188	2516
2219	2517
20765	2518
26230	2519
28008	2520
36265	2521
3607	2522
5268	2523
36238	2524
2323	2525
7886	2526
31216	2527
24804	2528
13271	2529
51	2530
32943	2531
8666	2532
16260	2533
29437	2534
8257	2535
23991	2536
10275	2537
5920	2538
8038	2539
31239	2540
26860	2541
10337	2542
34945	2543
34792	2544
10291	2545
36221	2546
3695	2547
14803	2548
14717	2549
28354	2550
10620	2551
24332	2552
6236	2553
18729	2554
9873	2555
1517	2556
7038	2557
27835	2558
4348	2559
4519	2560
26862	2561
21893	2562
6274	2563
15650	2564
33602	2565
2420	2566
4409	2567
20321	2568
8025	2569
9379	2570
7368	2571
20550	2572
33068	2573
1039	2574
27934	2575
35116	2576
2364	2577
29362	2578
8924	2579
13721	2580
178	2581
12028	2582
34940	2583
18838	2584
1929	2585
36402	2586
31964	2587
12776	2588
36331	2589
36339	2590
5398	2591
8305	2592
29034	2593
36403	2594
34546	2595
34386	2596
24493	2597
12957	2598
1939	2599
8399	2600
31810	2601
8794	2602
29064	2603
35747	2604
16827	2605
34712	2606
23523	2607
26563	2608
2205	2609
10238	2610
35981	2611
31820	2612
33706	2613
27192	2614
19425	2615
24559	2616
36022	2617
14504	2618
20272	2619
19398	2620
34378	2621
15138	2622
24677	2623
24630	2624
35988	2625
489	2626
5907	2627
21779	2628
35339	2629
35171	2630
25146	2631
22196	2632
11241	2633
18170	2634
5592	2635
15215	2636
19501	2637
18111	2638
4363	2639
22125	2640
1341	2641
20337	2642
7450	2643
36321	2644
35428	2645
26240	2646
11991	2647
3506	2648
157	2649
26528	2650
575	2651
10077	2652
9632	2653
32792	2654
30871	2655
30158	2656
36283	2657
23755	2658
2377	2659
14931	2660
34667	2661
30156	2662
18292	2663
34982	2664
26921	2665
4880	2666
33745	2667
34387	2668
15296	2669
25050	2670
19209	2671
22320	2672
6620	2673
19229	2674
4735	2675
34827	2676
7074	2677
28435	2678
30355	2679
2574	2680
34499	2681
35854	2682
22851	2683
5161	2684
1966	2685
29365	2686
13937	2687
12306	2688
4177	2689
6886	2690
23623	2691
3295	2692
6625	2693
8335	2694
28786	2695
7452	2696
6079	2697
32876	2698
36125	2699
457	2700
35457	2701
15926	2702
36345	2703
3199	2704
3805	2705
13959	2706
28500	2707
1961	2708
26570	2709
31922	2710
25804	2711
26	2712
4447	2713
3408	2714
4651	2715
18172	2716
32985	2717
1536	2718
32225	2719
6436	2720
14825	2721
19004	2722
5811	2723
20693	2724
10835	2725
28708	2726
17372	2727
26949	2728
35774	2729
31454	2730
6938	2731
33118	2732
26061	2733
11415	2734
28905	2735
5667	2736
29327	2737
11482	2738
4959	2739
25245	2740
15679	2741
6338	2742
9166	2743
21882	2744
19386	2745
16183	2746
5424	2747
1487	2748
20837	2749
19454	2750
15098	2751
11475	2752
18781	2753
25561	2754
30738	2755
28197	2756
17447	2757
1870	2758
7129	2759
2325	2760
3732	2761
12712	2762
2327	2763
2614	2764
30690	2765
23054	2766
11127	2767
31189	2768
34718	2769
34564	2770
26713	2771
4656	2772
33559	2773
25325	2774
34070	2775
2515	2776
28965	2777
31714	2778
18236	2779
31057	2780
3502	2781
33885	2782
3348	2783
3394	2784
14661	2785
4702	2786
35595	2787
521	2788
16787	2789
35725	2790
34705	2791
24241	2792
6517	2793
1415	2794
28148	2795
36336	2796
35734	2797
20699	2798
3038	2799
4714	2800
10818	2801
14869	2802
33347	2803
36404	2804
6203	2805
484	2806
535	2807
32479	2808
2992	2809
21819	2810
6527	2811
35446	2812
28168	2813
5857	2814
33314	2815
1208	2816
2356	2817
6984	2818
447	2819
25552	2820
31908	2821
31801	2822
17723	2823
29537	2824
4932	2825
17538	2826
18973	2827
15011	2828
31988	2829
26107	2830
36319	2831
18092	2832
25071	2833
24428	2834
11668	2835
30152	2836
16671	2837
30221	2838
23329	2839
3794	2840
224	2841
20000	2842
11580	2843
5312	2844
31715	2845
32085	2846
17643	2847
35581	2848
30512	2849
33743	2850
2048	2851
23177	2852
36405	2853
826	2854
17118	2855
29654	2856
1627	2857
26401	2858
26436	2859
21561	2860
18845	2861
18604	2862
2309	2863
33075	2864
9495	2865
12440	2866
26974	2867
4078	2868
36406	2869
8991	2870
22977	2871
678	2872
27747	2873
35751	2874
28806	2875
16001	2876
15633	2877
3738	2878
18517	2879
2722	2880
2353	2881
16540	2882
1566	2883
11014	2884
10166	2885
18459	2886
25724	2887
13291	2888
11757	2889
19750	2890
9982	2891
21694	2892
22536	2893
31188	2894
27295	2895
20459	2896
17179	2897
20659	2898
31503	2899
2588	2900
18768	2901
8942	2902
25908	2903
33411	2904
4125	2905
2896	2906
28751	2907
35284	2908
22746	2909
3511	2910
3869	2911
3242	2912
32660	2913
32265	2914
33831	2915
20202	2916
32053	2917
24545	2918
10175	2919
19064	2920
36259	2921
34313	2922
34737	2923
3920	2924
15076	2925
14371	2926
34765	2927
36176	2928
7695	2929
36407	2930
938	2931
35573	2932
36408	2933
26993	2934
4925	2935
29885	2936
35268	2937
21630	2938
21636	2939
10823	2940
5034	2941
3929	2942
5467	2943
9403	2944
29102	2945
9606	2946
15055	2947
31123	2948
12006	2949
32436	2950
26388	2951
16464	2952
30270	2953
10050	2954
9156	2955
9392	2956
19059	2957
16213	2958
5335	2959
20498	2960
7369	2961
751	2962
21582	2963
28106	2964
20928	2965
7340	2966
32877	2967
5696	2968
24820	2969
1254	2970
16427	2971
14657	2972
8090	2973
658	2974
22546	2975
7280	2976
653	2977
27929	2978
3674	2979
9145	2980
34995	2981
10437	2982
31357	2983
8011	2984
19033	2985
13268	2986
35794	2987
18988	2988
21614	2989
28625	2990
36409	2991
34937	2992
8518	2993
36410	2994
20203	2995
169	2996
32257	2997
33289	2998
29624	2999
11125	3000
144	3001
23121	3002
363	3003
360	3004
9795	3005
36411	3006
311	3007
13092	3008
17861	3009
30916	3010
21624	3011
11633	3012
10568	3013
36412	3014
30108	3015
2424	3016
31111	3017
9985	3018
4506	3019
1359	3020
4785	3021
8300	3022
25729	3023
2407	3024
31955	3025
23397	3026
11281	3027
36036	3028
1105	3029
22793	3030
28679	3031
21515	3032
26553	3033
33938	3034
6813	3035
2674	3036
12609	3037
15785	3038
20331	3039
14144	3040
1162	3041
16505	3042
1056	3043
9192	3044
21675	3045
25966	3046
36300	3047
23179	3048
24906	3049
30707	3050
7218	3051
9151	3052
12001	3053
582	3054
32162	3055
1289	3056
5986	3057
29845	3058
5362	3059
22749	3060
405	3061
33890	3062
31557	3063
23989	3064
33107	3065
23133	3066
15210	3067
20661	3068
81	3069
8741	3070
34880	3071
15458	3072
4292	3073
10213	3074
4162	3075
13568	3076
25871	3077
25630	3078
11516	3079
33455	3080
17904	3081
14350	3082
7266	3083
15474	3084
3763	3085
17808	3086
1934	3087
29461	3088
3048	3089
15765	3090
30350	3091
12010	3092
8160	3093
12890	3094
9972	3095
19317	3096
17992	3097
17216	3098
30759	3099
18241	3100
9078	3101
26031	3102
31774	3103
23569	3104
33037	3105
22445	3106
23921	3107
6329	3108
24064	3109
11493	3110
19821	3111
36413	3112
30490	3113
34201	3114
34683	3115
36307	3116
15107	3117
27523	3118
4685	3119
16708	3120
27688	3121
36414	3122
36415	3123
20585	3124
8287	3125
3318	3126
12781	3127
9161	3128
3684	3129
12012	3130
8773	3131
13928	3132
2619	3133
3047	3134
7692	3135
24215	3136
30442	3137
35881	3138
26465	3139
1935	3140
15158	3141
510	3142
9598	3143
36174	3144
25291	3145
32081	3146
35365	3147
33486	3148
22037	3149
31683	3150
17813	3151
36416	3152
14792	3153
9316	3154
36329	3155
14105	3156
3498	3157
4784	3158
30686	3159
16206	3160
4250	3161
4715	3162
32008	3163
18182	3164
35876	3165
32827	3166
8169	3167
21150	3168
36024	3169
10642	3170
743	3171
23148	3172
36264	3173
19177	3174
9229	3175
36348	3176
13428	3177
36417	3178
32695	3179
36340	3180
11552	3181
32557	3182
2746	3183
36418	3184
2037	3185
13346	3186
14464	3187
17026	3188
29762	3189
32879	3190
5716	3191
28441	3192
33272	3193
28465	3194
4653	3195
30938	3196
30341	3197
29387	3198
11164	3199
24175	3200
36419	3201
17999	3202
33684	3203
13503	3204
26536	3205
8000	3206
16337	3207
5122	3208
6859	3209
1545	3210
34449	3211
1060	3212
13137	3213
9306	3214
13	3215
30231	3216
22532	3217
32391	3218
8836	3219
3962	3220
23150	3221
6391	3222
4809	3223
27388	3224
15780	3225
27657	3226
13431	3227
17150	3228
31445	3229
35385	3230
31767	3231
11497	3232
2031	3233
2999	3234
8310	3235
19247	3236
3208	3237
4758	3238
34602	3239
24911	3240
36120	3241
17749	3242
14605	3243
33120	3244
27133	3245
7274	3246
15848	3247
10129	3248
8356	3249
24198	3250
191	3251
22132	3252
5224	3253
26847	3254
28539	3255
5752	3256
27719	3257
7474	3258
5415	3259
36239	3260
24889	3261
14495	3262
29626	3263
11054	3264
16759	3265
36420	3266
31608	3267
27317	3268
36421	3269
19212	3270
23703	3271
33561	3272
34571	3273
6653	3274
27074	3275
26009	3276
1862	3277
31362	3278
33077	3279
1358	3280
4711	3281
21572	3282
34689	3283
31814	3284
28112	3285
31598	3286
32578	3287
1365	3288
5435	3289
3198	3290
2685	3291
32959	3292
29695	3293
16832	3294
26645	3295
1420	3296
23907	3297
7954	3298
23537	3299
1907	3300
13938	3301
18069	3302
7063	3303
31962	3304
2153	3305
36099	3306
2441	3307
12575	3308
5563	3309
13704	3310
30414	3311
40	3312
27566	3313
6340	3314
35105	3315
20499	3316
29418	3317
5090	3318
19610	3319
5494	3320
30868	3321
14703	3322
12578	3323
25755	3324
18374	3325
31994	3326
12461	3327
626	3328
25945	3329
8906	3330
28760	3331
13804	3332
36043	3333
36422	3334
15639	3335
27235	3336
32326	3337
17235	3338
9630	3339
30000	3340
30889	3341
24776	3342
1567	3343
11695	3344
30910	3345
34377	3346
22774	3347
28180	3348
34506	3349
32627	3350
16869	3351
29801	3352
27941	3353
36423	3354
2022	3355
3949	3356
33578	3357
36219	3358
36148	3359
17849	3360
26207	3361
28172	3362
218	3363
620	3364
36134	3365
19942	3366
34167	3367
24742	3368
4767	3369
15287	3370
17294	3371
15820	3372
969	3373
3388	3374
15093	3375
8808	3376
28926	3377
35319	3378
6764	3379
4158	3380
27460	3381
20728	3382
2719	3383
25499	3384
35517	3385
25751	3386
32942	3387
8049	3388
19836	3389
26371	3390
3871	3391
2526	3392
27378	3393
18510	3394
3735	3395
30835	3396
4479	3397
14822	3398
36424	3399
31869	3400
36425	3401
5422	3402
6179	3403
22027	3404
36318	3405
25791	3406
36426	3407
1753	3408
8589	3409
25054	3410
20840	3411
36323	3412
13547	3413
33349	3414
23702	3415
29642	3416
24785	3417
7937	3418
25428	3419
4665	3420
30470	3421
24699	3422
6929	3423
2804	3424
32582	3425
13389	3426
7558	3427
5429	3428
13524	3429
24672	3430
15730	3431
14796	3432
35681	3433
15716	3434
29749	3435
33730	3436
23379	3437
931	3438
9530	3439
33724	3440
27732	3441
21287	3442
7500	3443
11247	3444
34325	3445
1349	3446
20668	3447
9427	3448
15792	3449
24365	3450
28304	3451
1994	3452
7612	3453
13322	3454
7145	3455
4546	3456
19359	3457
5791	3458
28939	3459
33683	3460
10378	3461
8326	3462
16370	3463
32646	3464
35002	3465
22986	3466
27221	3467
23020	3468
32656	3469
27148	3470
870	3471
17243	3472
12392	3473
15172	3474
26037	3475
34745	3476
17335	3477
20563	3478
29771	3479
14668	3480
24786	3481
30536	3482
6844	3483
25795	3484
31856	3485
20059	3486
7055	3487
7156	3488
35847	3489
35322	3490
27609	3491
15	3492
34207	3493
31392	3494
36427	3495
36428	3496
21178	3497
24180	3498
11858	3499
34322	3500
4346	3501
4687	3502
3575	3503
34871	3504
9047	3505
29377	3506
9136	3507
10816	3508
20046	3509
26622	3510
15108	3511
23701	3512
16757	3513
36429	3514
4045	3515
24049	3516
36430	3517
23114	3518
23380	3519
2445	3520
1695	3521
32541	3522
6717	3523
8260	3524
20978	3525
133	3526
19630	3527
36006	3528
31822	3529
19360	3530
31067	3531
22905	3532
33014	3533
26608	3534
23823	3535
36304	3536
26191	3537
36431	3538
22372	3539
25867	3540
12004	3541
23745	3542
11444	3543
1232	3544
31243	3545
5140	3546
36202	3547
32202	3548
36222	3549
35152	3550
19865	3551
29934	3552
5980	3553
21897	3554
36432	3555
35744	3556
35476	3557
35328	3558
19298	3559
30989	3560
20612	3561
36433	3562
33421	3563
24462	3564
27352	3565
19151	3566
36434	3567
33110	3568
12377	3569
18556	3570
28485	3571
1193	3572
14915	3573
8269	3574
14898	3575
30533	3576
15251	3577
9712	3578
29653	3579
33608	3580
11060	3581
36435	3582
32632	3583
31884	3584
36436	3585
24601	3586
35816	3587
633	3588
23294	3589
9235	3590
6762	3591
5348	3592
35693	3593
5625	3594
1957	3595
4375	3596
6086	3597
22166	3598
17465	3599
25603	3600
31526	3601
23312	3602
35836	3603
24066	3604
24420	3605
36437	3606
35481	3607
21664	3608
9637	3609
150	3610
8096	3611
26151	3612
2920	3613
803	3614
36262	3615
85	3616
29350	3617
5713	3618
35790	3619
30173	3620
7844	3621
31626	3622
7265	3623
36438	3624
36282	3625
30875	3626
36096	3627
15031	3628
1509	3629
36439	3630
6741	3631
23867	3632
1677	3633
33957	3634
2206	3635
31555	3636
36440	3637
26023	3638
24990	3639
959	3640
1195	3641
25878	3642
5733	3643
18087	3644
13920	3645
32500	3646
5470	3647
8588	3648
9805	3649
6564	3650
34946	3651
22143	3652
11353	3653
36088	3654
12614	3655
4244	3656
36441	3657
15706	3658
26460	3659
6334	3660
10260	3661
3646	3662
8547	3663
14150	3664
8650	3665
11945	3666
30873	3667
15659	3668
2414	3669
25310	3670
1498	3671
22119	3672
7147	3673
2229	3674
31799	3675
5154	3676
30620	3677
33458	3678
22723	3679
27389	3680
7785	3681
33783	3682
9420	3683
6255	3684
31757	3685
14756	3686
36309	3687
4533	3688
715	3689
36442	3690
13522	3691
2300	3692
2002	3693
13725	3694
5773	3695
6898	3696
24004	3697
36443	3698
31017	3699
4806	3700
36227	3701
15451	3702
20875	3703
5380	3704
2122	3705
480	3706
3543	3707
732	3708
3807	3709
6901	3710
36444	3711
35084	3712
32165	3713
25689	3714
28714	3715
16531	3716
14319	3717
4223	3718
12353	3719
272	3720
35895	3721
26976	3722
22183	3723
6682	3724
20493	3725
570	3726
18563	3727
18433	3728
35218	3729
384	3730
8789	3731
6722	3732
33184	3733
1044	3734
9125	3735
36445	3736
32403	3737
291	3738
26682	3739
3418	3740
12149	3741
35907	3742
33015	3743
23325	3744
30316	3745
29668	3746
21657	3747
2652	3748
16393	3749
909	3750
26843	3751
26726	3752
35173	3753
36178	3754
17675	3755
26503	3756
36139	3757
36446	3758
23075	3759
7730	3760
29854	3761
33339	3762
24855	3763
34966	3764
20781	3765
9827	3766
1270	3767
30020	3768
36447	3769
22269	3770
34985	3771
36343	3772
30267	3773
26739	3774
8139	3775
19174	3776
