4.14232
3.18628
4.0325
3.45656
2.63034
3.48093
4.65303
4.25078
4.06393
3.7954
3.7185
4.74557
4.55111
2.93138
3.33348
3.31499
3.96636
4.31251
3.18042
2.31525
2.55873
2.51958
2.40796
2.49922
3.0357
2.57152
3.34068
2.62962
3.18505
2.6819
5.46966
3.29533
3.38117
4.16407
3.4039
5.06967
4.19732
4.00274
5.36468
4.75972
3.46484
2.86044
3.33965
3.52505
1.83159
2.38806
2.08269
1.41122
1.89122
1.90194
3.84444
4.37464
2.86527
3.97852
3.83688
3.08549
2.98569
3.65399
3.66954
3.82789
4.32791
3.97107
4.15835
4.4562
3.61518
4.81959
4.34747
4.30349
4.56921
4.80537
4.80948
5.0732
4.56568
4.64476
4.59806
2.85597
2.62136
3.94181
1.82796
3.69189
4.20133
3.99057
4.23801
3.80073
4.63219
4.58948
4.2916
4.27016
4.38719
3.95648
4.31585
3.80972
4.4282
4.26208
4.57952
4.06977
4.24091
4.53875
4.16754
4.51857
2.99989
2.43404
3.45584
3.29405
3.4481
3.33968
3.16565
2.60049
3.6795
3.40736
4.51837
4.82689
4.70963
4.35769
4.39912
4.94906
4.57197
4.52444
4.12137
4.40785
3.83309
4.87505
3.6251
3.71483
4.25598
4.32048
4.05905
3.54064
4.54219
3.86871
3.80846
4.19496
3.40623
4.26483
4.23031
4.32902
4.39727
4.81156
4.27874
4.59178
3.21352
4.05861
3.26957
3.24162
2.83519
2.59659
2.05355
2.9452
2.65119
2.30313
4.61063
4.57931
5.23364
4.89786
5.01992
5.01687
4.7365
4.37956
4.72826
3.18339
3.43707
3.93147
3.32505
2.69794
2.4367
3.44095
2.91149
2.36654
3.56237
3.2465
3.53145
4.11598
4.10278
4.0138
3.64221
4.59374
3.88028
3.99933
3.47638
3.08962
3.51265
3.8009
3.54289
3.64003
3.44359
3.91349
3.72659
3.81005
3.74486
3.23634
3.09622
3.14654
3.37451
3.37664
3.38879
3.44203
3.53377
3.13169
3.2794
3.23893
1.49512
4.00903
3.41905
3.29978
2.93202
1.54455
1.27089
3.48001
3.80476
1.74608
4.41192
2.70586
3.819
3.71129
4.14395
1.99794
1.50237
4.67034
5.29479
3.0252
4.0111
4.15869
3.57511
3.54755
2.64606
3.79774
2.99804
3.5312
3.86008
2.89643
5.22529
4.45899
4.40679
4.89212
4.04189
4.17674
5.03576
3.92519
4.16466
3.79999
3.72165
4.3214
4.11651
4.05723
4.07247
4.00711
4.13802
4.2596
3.53446
4.02582
3.49594
3.11258
2.98561
2.32119
3.06798
2.62935
2.76801
1.78968
2.61246
3.01797
2.83664
3.71668
2.80397
3.50805
2.44364
3.94235
3.19711
3.26484
3.14081
2.46138
4.11089
4.12339
3.95742
4.28937
4.58732
3.93259
3.90569
3.57445
3.66399
3.67379
4.75804
4.41474
3.3907
3.6113
2.73333
2.72444
2.83764
3.44033
3.42585
3.45449
3.82556
3.90982
3.65023
4.60267
3.49794
4.41032
2.72864
2.83627
2.41122
4.29219
4.20504
4.59289
3.66367
4.40372
4.33087
4.27816
4.10694
2.97791
4.05202
3.14033
3.44608
3.46296
3.84276
3.1235
3.22182
3.6142
2.93897
2.73833
3.42624
3.4163
4.3269
3.9278
3.88998
4.42717
3.98148
3.98673
3.39347
3.85489
3.24397
3.72577
4.35508
3.29083
2.89463
4.52594
3.58606
3.61702
3.47927
3.90741
3.83157
3.81349
3.71803
2.48324
2.76281
2.39423
3.03792
3.32806
2.36987
2.65125
2.75965
2.54272
3.80299
4.29709
4.05916
3.87608
3.67853
3.8704
4.04173
3.89537
3.63823
3.27221
4.0423
4.35437
4.35258
3.79601
4.38176
3.8078
3.6166
3.70458
2.87198
3.61431
4.32243
3.91838
3.83124
4.2213
4.90059
4.56167
3.61109
4.1454
3.38641
2.92795
3.57254
3.95681
3.88341
4.09732
4.38479
3.55736
3.03499
3.55224
3.11503
3.94498
2.40178
3.0634
2.4289
2.41177
2.42331
2.84999
2.5186
2.48417
2.60368
2.2167
3.57254
3.13224
4.0346
4.06744
3.34069
3.65944
3.89856
3.60413
3.42319
3.26574
3.29536
4.58396
4.00552
3.59743
4.18736
3.50975
4.16719
3.70743
4.09532
3.402
3.87648
3.90328
2.84895
2.13651
3.40415
3.64661
4.14136
4.27965
2.80337
3.46064
3.45519
4.13066
2.91139
4.12691
2.95858
3.553
2.86404
3.88759
3.93637
3.60383
3.85574
3.77013
3.19552
3.55105
4.94351
3.18783
3.62215
3.14901
3.66142
3.04045
4.93421
4.29243
4.43789
3.81092
3.83121
4.74698
3.7515
3.89468
3.9289
4.24823
3.92532
3.6385
4.60069
4.23053
3.59559
2.67064
3.28442
4.01122
2.70382
3.62346
4.28514
3.89276
2.45406
3.17615
2.69581
4.31566
3.42617
3.85573
2.41552
3.19536
3.7069
2.7557
3.89534
2.91954
2.19016
3.10735
2.14071
3.08054
3.15809
1.776
3.7927
3.30669
3.53909
3.62655
3.95528
3.46564
3.06457
3.59659
3.03289
4.02469
4.10057
3.98272
3.59792
3.36558
3.61188
3.39328
3.90275
3.97967
3.96785
2.7827
4.47102
4.57676
3.82567
4.34368
3.66822
3.90154
4.82294
3.47489
4.22678
4.01237
3.54019
4.28083
4.65232
4.32013
4.55327
4.00173
3.60307
3.60176
3.73746
3.73281
3.38351
3.87003
4.13313
4.65172
4.45327
3.31046
3.50138
3.54944
3.83318
3.06785
3.97179
4.22607
4.02133
2.32833
3.82416
3.49382
2.88173
3.50391
3.63087
2.27914
4.08458
3.35679
4.08122
4.17274
3.5479
3.22804
3.54053
3.70903
3.28361
3.16869
4.30175
4.42134
4.13455
2.57085
3.70619
3.99131
3.11953
3.0204
2.62373
3.03013
4.31168
4.55624
3.45725
3.75287
4.24415
3.52221
4.00457
4.23787
3.77431
3.67549
4.68516
4.07229
4.1574
3.30646
2.59435
3.21523
4.1699
3.84944
3.56957
2.84972
4.44815
3.97018
4.41946
3.96432
3.82478
4.71054
4.30779
4.31801
4.36559
4.27214
1.95673
2.98448
2.40951
3.1569
2.9039
2.32285
2.95014
2.36517
3.03427
2.50334
4.43708
2.38373
3.53666
3.41915
3.54023
3.50521
3.95516
2.46958
2.66718
2.70188
3.41393
3.81075
3.75334
3.61073
3.2393
2.53152
2.5674
3.61706
2.59255
3.25161
3.44271
4.00213
3.60742
2.97714
3.66633
3.99561
3.55233
3.84272
3.56959
3.43817
3.39482
3.93026
4.38318
4.07307
3.97354
4.25748
4.17105
3.58155
3.68274
3.7729
3.88844
3.77622
3.71626
4.03162
3.11193
3.94399
3.74363
3.63136
3.32438
2.82878
4.4646
5.163
4.30841
4.0191
3.9722
3.20038
3.87968
2.21835
3.38009
2.8966
4.01573
3.01238
1.96122
4.64404
3.18672
2.35643
2.74919
2.5173
2.89976
1.7982
4.85461
4.87987
4.55042
4.51225
3.16026
4.29693
4.0766
4.35123
3.14054
4.63669
4.59251
3.72972
3.97351
3.21091
3.30897
3.54992
3.54918
3.52531
3.60118
2.86037
3.92095
3.8705
4.12945
3.27284
3.53557
4.11953
3.65038
3.58854
3.79016
4.01077
4.23309
3.5759
3.74394
3.49479
4.11935
3.78424
3.17327
4.31518
3.21503
3.29794
4.34768
4.52118
2.34633
4.62725
3.61914
4.33134
4.30179
4.39859
3.33704
4.33708
3.69503
3.99361
3.97338
3.9294
3.86158
4.45021
4.05598
3.65763
3.42173
3.78863
2.79854
3.37635
3.54891
3.33337
3.32097
2.58586
2.53989
4.32812
2.7814
3.75336
3.95733
3.69484
4.53465
4.27263
3.79998
3.98098
3.99472
3.646
3.86516
3.59337
4.30488
3.60365
2.73849
4.19191
3.88707
3.71476
4.22508
4.13304
4.06625
3.61974
3.50551
3.82066
4.04973
3.09673
3.8639
3.42652
2.78285
2.43098
2.82995
3.62589
4.56623
4.86186
4.66719
4.38013
4.65653
3.63834
4.20394
4.13163
3.74935
3.7199
4.14006
4.50257
3.65277
4.07066
4.21487
3.90613
3.93818
3.61006
3.42008
3.21495
3.0706
4.55132
3.60966
3.11419
2.70847
3.40408
3.55426
2.9425
3.68587
2.57602
3.60369
3.65155
3.71704
3.9108
2.69775
3.02675
2.4103
2.19935
1.96769
3.32737
2.58549
4.22342
4.59081
4.35028
3.90558
3.85199
4.52093
3.33172
3.15665
3.99556
4.58458
3.85459
3.23547
3.29337
3.63009
4.45947
4.14971
4.01406
3.36259
2.74869
3.43168
3.14633
3.12213
2.65934
4.31798
3.48894
3.7834
3.793
3.41965
3.55824
3.41673
3.90049
3.40686
3.92246
3.3677
3.70794
3.18312
3.62014
3.72233
3.5491
3.30632
4.64778
4.81357
4.19553
3.81686
3.15784
2.75799
3.43915
3.13863
4.21394
2.64929
3.84941
4.65435
4.52275
3.55706
3.832
4.6793
3.18949
3.82294
4.06501
3.99062
4.85821
4.61971
4.38344
4.12435
4.31324
3.86144
4.03197
4.42956
3.40292
3.78021
4.69469
2.7631
3.24393
4.08303
4.01616
4.32101
4.06438
3.66211
3.80481
4.3623
4.87567
4.06177
2.94765
2.95226
4.13939
4.14837
4.16985
3.49181
2.15158
3.08513
4.25371
4.53139
2.97372
3.56008
3.541
3.0095
3.32543
2.13521
2.00875
3.03904
3.03147
2.56734
3.44474
2.36282
2.50287
2.81297
2.77466
2.3268
2.84743
2.7302
3.76687
3.43748
3.12925
1.90082
3.80034
4.25311
2.23334
2.9532
2.71465
4.07189
3.32575
3.76188
4.67042
3.31765
3.91846
3.2286
3.76524
3.49885
2.70165
4.32154
4.17572
3.9012
4.06286
4.18277
4.60607
4.38773
4.35906
4.11677
4.04818
4.61063
4.36844
4.35296
3.8484
4.29532
3.86403
4.10203
4.19674
4.33259
3.16931
3.59118
3.7339
3.8039
3.6453
3.89136
3.14072
3.74492
4.00593
4.15134
2.81174
3.7016
4.57748
4.32248
3.67934
4.00867
3.93546
3.71115
3.71056
3.12625
3.66983
2.57025
3.0793
3.34726
3.75548
2.71057
3.01605
3.27368
3.15912
2.71999
3.13966
3.73106
2.78737
3.28118
4.11214
3.14679
2.10465
3.28936
3.42439
3.11002
2.3398
2.95619
2.77278
2.47368
2.67215
2.70216
3.35889
3.11564
2.72592
2.32909
2.16196
3.44837
4.42321
3.48968
3.48104
3.58978
3.97899
3.87849
3.74004
3.53638
3.80266
2.85429
3.60033
2.8477
2.31562
2.80123
2.69939
1.96812
1.87682
2.81398
2.65054
3.27338
3.53431
3.24253
3.98505
3.49059
3.03407
3.17589
2.78
2.98113
2.96855
3.27993
3.85057
3.86851
4.029
3.6924
3.83688
3.6931
3.46594
3.64886
2.85972
2.7624
3.26388
3.97097
2.80463
2.61369
4.18551
3.41708
3.14769
2.31185
3.50964
3.93412
4.09182
4.72587
2.60401
2.97155
3.55436
3.45437
4.32642
3.16925
3.42131
3.95677
3.89841
3.91014
3.54399
3.95215
4.05287
2.81864
3.88163
2.91593
3.25232
3.35727
2.99957
3.04229
3.80711
2.93066
3.16374
2.01901
3.13836
2.41072
2.19282
3.62279
4.23934
3.36654
4.14303
3.25759
3.49605
3.33943
3.45571
3.98244
3.63786
3.30688
4.27127
3.31738
3.73117
3.91865
3.72808
3.417
3.42998
4.33991
3.58341
3.99856
3.84612
3.75011
3.17875
3.01191
3.73083
3.32602
3.54338
3.06639
2.1515
3.27345
3.60017
3.77799
3.89233
3.52048
3.42485
3.51324
3.68952
3.60819
2.78192
4.44599
3.7303
4.31574
4.06276
4.61551
3.88167
3.77577
3.1467
2.93421
3.80582
3.1123
3.79647
2.89318
2.74639
2.71991
3.0431
2.59375
2.81773
3.23854
2.89428
4.36146
4.93417
4.26521
4.08046
4.64341
4.48014
3.71962
2.3365
3.01234
3.14788
4.89627
5.105
4.92117
4.85923
4.20156
4.86798
4.78706
4.5396
5.258
3.87758
4.43526
3.97282
4.14719
4.86009
4.09384
3.95967
4.26847
2.83529
4.26112
3.96969
3.76029
3.4283
3.04885
2.80253
3.69477
3.68673
3.71695
3.26822
2.95535
3.31239
4.37512
3.89565
3.41427
2.72248
4.42642
3.1011
3.00722
4.16048
4.19902
3.2969
3.88531
3.32509
3.65451
3.68441
4.54528
4.13723
4.11562
4.0068
3.86754
4.02391
3.63224
3.77233
4.16033
4.21043
4.1928
4.17307
4.28658
3.96766
4.24564
3.82559
3.31016
3.78067
3.68113
3.5795
3.16048
3.6316
2.85125
3.57306
2.82491
3.08589
2.55629
3.30619
3.62581
4.0306
2.08749
4.40169
2.89868
4.09645
3.89889
1.91397
3.3683
3.89452
3.79148
3.3451
3.36659
3.30408
3.57462
3.08845
3.50069
3.20238
3.98179
3.81173
3.50698
3.63492
3.32579
3.96861
4.48907
4.12146
3.70636
4.17555
3.59005
4.33128
3.61289
3.83324
3.31083
4.23632
4.20051
3.79132
4.53877
3.10958
3.39826
2.71256
3.48883
3.0836
2.57535
3.51215
2.74654
2.55841
2.08131
2.85771
3.18311
4.153
4.73822
3.34115
3.91354
3.73558
3.62705
3.7075
3.01205
3.69175
4.23359
4.58624
4.28668
4.04828
3.80309
4.22918
4.76299
4.46086
3.78342
3.43984
3.99745
3.82001
3.75291
3.94731
3.68937
3.46999
3.77816
3.78404
3.55877
3.71649
3.43691
2.54666
3.8788
2.75293
2.9583
3.00971
3.8591
2.66188
2.96221
3.16339
4.59392
2.86279
3.81631
4.49531
4.75338
3.4888
3.09839
3.13312
3.67418
3.75043
4.41021
3.49263
3.09724
2.91286
3.06772
2.75493
3.49677
2.83256
2.93581
3.00206
4.76625
4.77989
4.71718
3.92292
4.4155
4.16655
4.72629
3.97717
4.47967
4.70527
5.29072
4.32528
4.74187
4.83343
4.22189
3.27553
4.51573
4.57786
4.0345
3.27203
3.79486
3.82937
3.9357
4.48355
4.90241
4.56389
4.66729
4.59178
4.09904
4.42514
4.53825
3.75297
4.06879
4.00134
4.13886
3.93914
3.63743
3.49137
3.7805
4.0084
4.20158
4.27275
3.19717
3.5913
3.48793
3.07783
2.82962
3.50792
3.59512
3.54557
4.6625
4.37104
3.9698
4.10176
4.14164
4.09545
3.44984
3.05947
3.16038
3.65688
3.83031
3.57932
4.23308
4.72074
4.18897
4.26829
1.94514
3.20782
2.99928
3.04365
4.39294
4.09488
3.1805
2.93622
3.63013
3.70033
3.89867
3.42902
3.28093
2.98507
4.0347
2.78662
3.44836
3.73742
4.03042
3.44502
3.59568
3.66972
3.62221
2.30372
3.68081
4.53011
3.87511
4.26711
3.19462
3.37114
2.78
3.11654
2.71344
3.24177
4.00035
3.65264
4.47202
3.80165
4.24783
4.10516
3.74636
2.25616
3.76519
3.57876
4.57259
4.34235
4.51522
4.0951
3.616
4.17179
4.56141
4.08844
3.81886
3.99135
4.09054
3.73188
4.58168
3.29966
4.48375
4.20231
4.30436
4.69268
3.70935
4.13333
3.59727
2.87988
3.23026
2.80721
3.18172
2.80228
2.97288
2.78174
2.6317
3.59076
4.3544
3.77977
4.4728
3.89131
4.33877
4.6081
4.18347
4.30382
4.22896
3.084
3.64405
4.81962
3.66091
4.49276
4.49507
3.6357
3.7355
4.01493
4.28077
2.52145
4.34008
5.12374
4.45832
4.56568
4.50126
5.32513
4.11518
2.65947
4.29586
3.74162
3.32264
3.18538
3.67977
3.39213
3.2711
3.32776
2.91715
2.92893
3.12767
2.87997
4.47093
4.45925
4.43126
3.7025
2.98959
4.42234
4.5836
4.46173
4.52132
3.6811
3.19834
2.34699
3.09805
2.97163
1.92603
2.63703
2.22286
2.38932
2.252
1.68069
4.1458
3.53862
4.07527
3.95918
3.9902
3.8143
3.74389
3.833
4.24076
4.137
3.94635
5.32895
4.35913
3.41737
3.84199
3.65162
4.02182
3.34958
2.95493
3.31866
3.70816
3.45973
3.82603
4.46684
3.66217
4.45526
3.08346
3.59347
3.73343
3.99971
3.51109
3.48517
3.22247
3.04163
3.75921
4.35184
3.65194
3.76719
3.61006
2.53316
4.84772
3.27778
4.5892
4.00339
4.13349
3.89605
4.39655
3.43306
4.17557
2.81237
2.7453
2.8306
2.98011
2.41459
2.87315
2.57371
2.35851
3.25059
2.88819
2.46678
3.65088
3.70561
3.98082
3.81867
3.63705
3.79482
3.61885
3.99497
3.88576
3.1118
3.13501
3.86987
3.33876
3.69531
3.40411
3.07205
3.10606
2.92498
3.92724
2.8712
4.69251
4.15611
3.37471
3.1476
3.66283
4.28157
3.92106
4.27363
3.8732
3.87763
4.00103
4.46621
4.02796
4.10509
3.86115
3.53361
2.93238
3.52826
3.85414
4.17177
3.90092
3.56002
3.72188
3.19257
3.2049
3.52746
3.12495
3.71709
3.32921
2.44834
4.41114
3.13737
2.16921
2.99996
4.01593
3.82363
4.59165
4.28059
3.52429
3.2213
3.13253
2.27279
3.81752
3.70513
3.2776
3.44669
3.41277
3.72796
3.49703
3.81565
4.05318
4.47069
4.61851
4.39165
2.99491
3.70872
3.38026
4.25585
4.47855
3.75615
3.73731
3.92087
3.72767
3.16569
3.62632
4.14148
4.15116
3.58823
3.24065
3.50049
2.77079
3.6553
3.56039
3.47074
3.97743
3.68384
3.79949
3.21436
3.58273
3.33846
3.18236
2.83651
3.1405
3.31264
3.40361
3.56498
2.82643
3.79699
3.58431
3.06171
5.07477
3.29455
4.80115
3.67637
3.66568
4.47321
3.67564
3.38652
4.21031
3.51522
2.58647
2.73963
4.68085
4.12653
1.05789
1.91792
4.43173
3.65659
4.56423
2.61737
3.93547
3.48755
4.10281
4.29558
4.0242
3.99691
3.91595
4.30702
3.30812
2.17284
3.76025
4.32422
3.5418
3.21074
4.04034
3.97288
3.48244
3.76558
3.5217
3.25361
4.54323
3.50272
3.76183
3.93014
4.13226
1.6728
2.93356
3.27858
3.01505
3.61089
4.19462
3.43056
3.60988
3.8558
4.65218
3.32994
4.33128
3.35705
4.0186
3.71315
3.4515
2.79543
3.6152
3.81648
2.62521
2.19681
3.03568
3.19622
3.39583
3.13794
3.2421
3.67541
4.4348
4.02654
3.91864
3.96209
4.3341
3.58462
3.81975
3.9249
1.65946
2.28965
1.52652
1.19054
1.93631
1.27389
0.645563
1.91229
1.25135
1.04733
4.14271
4.08199
3.83952
4.46031
3.8486
3.81595
3.98138
3.6051
3.56362
3.26091
2.96378
3.67449
2.8368
3.13878
3.35618
2.96257
4.16726
2.94266
2.6068
2.73446
4.404
3.87612
4.47818
4.34149
3.45746
3.42639
3.52569
2.80386
4.1532
3.64113
4.4027
4.59135
4.51232
4.3249
4.11641
3.6407
3.98491
3.82347
4.19707
3.62841
3.73413
2.81063
2.8265
3.41947
3.57989
3.59427
3.51573
3.67281
4.0219
3.0947
4.07479
4.62879
3.84211
4.01364
4.29801
4.05806
3.82903
4.51679
4.26747
3.75826
3.99474
4.19741
4.13486
4.20628
3.73994
3.93035
3.67516
3.73361
4.09244
2.82299
3.94281
4.6971
4.56814
4.47351
4.08379
4.04857
4.04183
3.30678
4.32094
3.13972
3.98148
3.48292
4.01069
3.93053
3.2774
2.77675
3.72473
3.51161
2.76857
2.64433
3.8508
3.43824
3.44631
4.2919
3.51481
4.20112
3.42691
3.46473
3.37943
4.12815
4.32551
2.66919
3.34398
3.97688
3.59633
2.72091
2.64994
2.56115
3.43042
3.63259
3.65403
1.86021
2.69435
3.89109
2.95478
2.34623
2.64446
2.86275
2.76943
2.69688
2.59258
2.57378
3.71366
3.52342
3.13108
2.66689
2.57213
2.90736
2.06418
2.99883
3.94082
3.80658
3.43988
3.44616
3.24431
3.48186
4.34104
3.249
3.027
1.96595
2.96602
3.42216
3.70657
3.9497
4.05579
3.73397
3.4341
3.32418
3.90019
3.78236
3.47403
4.01237
3.11155
3.77968
3.62474
3.00016
3.51999
3.92561
4.104
1.76
3.48499
3.55589
4.13109
2.09566
3.95737
3.81804
3.70399
3.36571
3.95691
3.07835
3.87292
4.19677
3.64803
3.97858
2.08378
2.03014
2.68632
3.03675
1.69301
1.12649
4.35888
4.85334
4.50604
4.00966
4.94675
3.81688
4.55072
4.43024
4.15375
3.34669
2.47347
3.21049
2.54658
3.52587
3.03497
2.84738
2.14061
3.2444
2.68408
2.68371
3.03219
3.1681
3.00899
3.01313
2.98192
2.21235
2.75604
2.94852
2.90798
2.792
3.58883
3.65561
3.29753
4.22575
3.63904
3.01746
2.9742
3.41479
2.75062
3.69277
4.40592
4.48962
3.95561
3.76726
3.91554
3.69159
3.27201
3.94784
3.74669
2.39496
2.93691
3.31457
2.49541
2.71314
3.36569
3.74453
2.37111
2.91112
2.64944
2.67776
2.48767
2.40414
2.81114
2.43503
2.58277
1.67137
2.58446
2.02988
1.49834
1.71625
2.78878
3.21095
2.95473
2.78148
3.13439
4.33528
3.01931
3.23196
3.14912
3.15658
3.97435
3.92495
4.05086
4.2508
4.20986
4.01666
3.77083
3.54818
3.73455
3.65869
3.9614
3.96573
3.19574
3.98626
2.54564
2.72962
4.26414
2.36774
3.09117
3.28779
3.04783
4.18342
4.14621
4.21848
3.75506
4.2382
3.7633
4.81798
3.62564
4.55338
3.43156
3.71243
3.48268
2.22424
3.16574
3.79685
3.65469
3.35651
2.98509
2.3808
3.79066
4.22416
4.46036
4.25714
4.09642
3.62339
4.49589
4.51807
4.53504
4.3028
3.95854
4.4403
4.8741
4.77487
4.57062
3.46748
4.14667
3.51816
4.86921
4.06528
3.20745
4.13575
4.31765
4.12608
4.37312
4.18457
3.76142
4.03134
3.44501
3.63141
3.65211
3.63976
3.53717
3.44204
3.98689
3.99066
3.87103
3.41934
3.43631
3.80419
4.24929
4.07689
3.47827
4.17406
4.53032
4.11711
3.99389
4.296
3.63019
3.60694
2.69352
3.0427
2.98192
2.98465
2.8572
2.58406
2.97528
3.04371
2.85964
3.10257
3.1541
4.02737
3.81375
3.72655
3.68229
3.3161
3.86707
3.83366
3.80027
2.90142
4.44018
3.3823
5.1272
4.80507
5.44297
4.69651
4.3378
2.7407
4.34969
4.19733
3.84074
3.81101
4.06846
3.70509
3.75505
4.32921
3.12264
3.74549
3.44181
3.36106
4.42273
3.86195
3.53634
3.80121
4.44951
3.26986
3.69948
3.5189
3.12814
2.74233
3.83921
4.11288
3.12879
3.44104
2.92461
3.40197
3.74168
4.46128
3.16714
3.44034
3.76977
3.77677
3.5013
3.64886
2.69845
3.763
3.53415
2.41381
2.60194
2.67698
2.99209
3.05678
4.25956
3.72803
3.36796
3.21748
3.30751
2.61531
2.86761
3.00049
5.22117
4.96035
3.92577
5.21218
4.71154
4.1507
3.9258
5.03146
4.60342
4.04488
3.67963
3.78551
3.65393
3.60598
4.36476
3.74148
3.80447
3.75926
3.84073
4.14643
4.67779
3.95954
3.05063
3.33247
3.24073
3.89385
4.47376
4.01759
3.10988
2.52999
3.45941
3.66862
3.04797
4.20879
3.83554
2.57884
2.65102
3.70477
3.55812
2.7463
2.51192
3.1317
3.72821
3.90424
2.99794
3.10519
2.41669
2.59682
3.07537
2.62557
3.27452
4.17262
3.95973
3.93949
4.27103
4.15073
2.62815
4.46274
4.11541
3.26277
3.63914
3.87714
4.30814
3.66396
4.12796
3.08361
3.4477
3.11378
3.34161
3.2358
3.93986
4.23297
3.79258
4.07138
4.19853
4.25403
4.07343
4.55247
3.30642
4.04158
4.63489
4.12197
4.22496
4.27583
4.43155
5.05952
2.63762
4.53181
4.16626
4.26967
2.9322
3.97252
2.98329
4.11645
2.92859
3.6698
3.04425
2.23959
3.41579
3.3244
3.80229
3.93093
4.67826
2.93001
3.65046
4.6481
4.71666
4.58989
4.09958
2.97502
3.84147
3.75462
3.67839
3.78889
3.82674
3.62573
4.25999
3.60031
3.19928
3.36313
4.25352
3.83292
4.2403
4.24021
4.04778
4.06639
4.11607
3.98199
4.2464
3.26561
3.43742
3.31324
4.28206
3.27341
2.86976
3.80504
2.95119
2.83893
3.14326
3.13818
4.44431
4.96045
3.79996
4.03084
3.73626
4.09635
3.94432
4.54593
4.43782
3.84105
4.81281
3.65855
3.2433
3.73427
3.43566
4.7427
2.58576
3.31479
3.26074
3.09524
3.64753
3.06175
3.35274
4.53111
3.50656
2.93609
3.66139
4.0684
3.00006
3.69319
4.64299
4.49027
4.18497
4.13067
4.48126
4.30574
3.41174
4.70596
3.93115
3.38223
3.59075
3.3791
3.82873
3.73709
3.99467
4.20418
2.93995
4.05614
3.60282
4.02836
2.72923
3.31713
3.81084
3.47196
4.27263
3.0083
4.16623
4.43682
2.78391
3.19494
2.99332
3.80651
3.54289
2.90301
3.66693
3.63336
2.48216
2.84052
2.71898
3.32226
2.01578
3.92198
2.93483
2.00897
3.00932
4.12213
2.6841
2.40289
3.07858
4.47812
4.20902
4.42217
3.70137
3.95911
4.24201
3.82009
3.2074
4.51445
4.00968
3.51632
3.33802
4.15937
4.0755
3.97806
3.66314
3.51698
3.32469
4.10003
3.65921
3.83969
4.1828
3.6587
4.42485
3.61599
3.65778
3.36133
4.32098
3.5056
3.95827
2.43967
4.00293
3.29541
4.13333
3.78288
4.39263
2.95562
2.62933
4.04897
4.45417
3.57451
4.25317
4.79015
3.6107
3.35248
4.37363
3.03194
3.93555
4.04181
2.85387
3.25048
4.61954
4.76401
5.07691
4.69435
4.79455
4.80316
4.43402
4.20225
4.09678
4.09042
4.58482
4.56874
4.16672
4.15958
4.37374
2.71711
3.84088
4.38019
4.17446
3.62654
4.26313
3.49341
3.31682
3.0443
3.37345
3.85802
3.75282
2.952
3.50444
2.47374
3.95715
2.80781
3.35339
2.98112
2.27901
1.83562
2.32153
2.64696
1.80955
1.57261
4.18158
4.33997
4.22976
3.95457
3.81791
4.00134
4.29162
3.90046
4.19315
3.60855
4.66418
4.46134
4.45307
4.29515
4.09854
3.26913
3.84326
3.44746
4.22963
3.72874
2.70939
3.72306
4.14373
4.0492
4.67401
4.43122
3.02362
3.65263
3.23174
3.16616
3.66811
4.18234
4.05979
3.44642
4.19526
3.42595
4.21893
3.52254
3.4266
3.90115
4.95479
3.96398
4.33055
3.47548
3.52659
3.82867
3.33526
3.82543
3.3227
3.58154
4.51984
3.9091
4.21414
4.13281
3.80909
3.78124
4.35783
4.42874
3.36554
3.54769
3.65799
4.0698
3.59686
3.75819
2.8219
2.99644
3.39601
2.78652
2.23468
3.4312
4.13817
3.78077
4.15079
4.65261
3.84797
4.00093
4.67551
3.72631
4.12485
4.08319
4.26408
3.50819
4.1626
3.12165
3.93272
4.87087
4.33905
3.83259
3.97717
4.41216
3.64103
4.15788
4.00096
4.29622
3.24796
4.21601
3.5455
3.917
3.68476
4.16301
3.00352
3.96351
3.7843
4.03957
3.60741
4.17714
3.7426
3.58023
2.75745
3.11046
4.09661
3.75989
4.79367
3.29933
4.24054
4.12451
4.2001
4.64632
2.97652
3.99102
2.65241
2.46709
1.83785
2.90128
2.90725
2.0284
3.49465
2.41964
1.38337
2.38509
2.10571
4.58436
3.54973
2.21687
3.68551
2.7509
4.22772
4.2713
3.83689
2.11075
4.38669
4.92562
4.45031
5.26741
3.32386
3.5741
4.67098
4.89025
4.76899
4.42645
3.91871
3.27634
3.91436
4.36426
4.51532
3.31271
3.89906
3.88631
3.52398
2.45318
4.3573
4.15854
4.76732
4.61838
4.95499
4.54244
4.8786
4.37387
4.28371
3.00622
3.52198
3.47459
3.637
3.218
3.17355
2.96194
3.33987
3.07056
3.55211
3.69373
4.07977
5.22857
3.32648
4.54328
4.02564
3.59799
3.34703
5.25662
3.16176
3.97373
3.33021
3.53928
3.40021
3.5292
3.09589
3.11887
2.83952
2.72189
3.16093
2.49555
3.32607
2.72521
3.22386
4.67599
3.04191
2.60345
1.95042
2.96787
3.99492
2.75618
4.01019
2.80442
3.90626
3.4136
3.37206
3.14747
3.61505
3.46266
3.41723
3.5747
4.98855
4.86963
4.60771
4.11922
3.75015
4.16812
4.01337
4.0124
4.3857
4.81857
3.42042
2.40774
3.70854
2.55717
2.9413
2.90269
2.3179
3.75766
2.75783
3.27766
4.10519
4.39751
3.62296
3.19032
3.71592
3.05025
3.87828
3.23534
3.54002
3.08662
3.55113
3.22809
3.23443
3.47478
2.59011
3.53621
3.12161
2.84388
3.04075
3.10055
3.48118
4.15433
3.26864
3.35266
3.13755
4.41678
3.54912
2.99219
3.57179
2.7122
4.08801
4.33458
3.96578
4.55364
4.32174
4.31859
4.2264
3.32665
3.84223
3.62049
3.90177
2.72351
4.27038
3.53732
3.86595
4.1355
2.87105
3.25063
2.73798
3.65977
3.67518
3.25714
4.05348
3.99646
3.76353
4.17493
3.68295
4.01974
3.28224
3.48271
4.03861
4.08659
3.94345
3.9017
4.25785
3.79816
3.46916
4.67717
3.54077
3.41682
4.50135
4.35227
4.69385
3.76339
3.17437
4.1891
3.3394
3.83389
4.20043
2.78834
4.5372
4.14211
4.10784
4.05367
4.41644
3.6164
4.36759
3.89694
3.86872
4.20644
3.36886
3.19363
2.87514
3.20146
2.65734
2.53911
2.80011
2.61603
2.30882
2.90453
4.07403
3.97975
3.60514
3.49941
3.95974
3.74626
3.59446
3.77306
3.4388
3.885
4.14554
3.35903
3.15758
4.8664
2.69203
3.91235
4.25989
3.74591
3.27496
2.4052
4.70557
4.18922
4.36608
4.54459
4.13115
4.32882
3.35452
4.8451
4.51837
4.94793
2.23578
4.22478
3.90515
2.98849
2.53927
3.5091
2.66182
2.34157
3.36143
2.73994
3.77548
4.89739
3.63887
4.12105
3.98041
3.50849
2.50043
2.25391
3.37289
3.72651
4.05193
4.03051
4.67042
4.83143
4.6808
4.24522
3.7653
3.80494
3.83132
4.25204
3.83659
3.87567
4.51271
4.63122
4.04422
4.19079
4.41346
4.00152
4.5296
4.16413
3.28073
3.93684
3.28721
4.21106
3.63457
2.87855
4.06248
4.16071
3.96285
2.86568
3.50858
3.97604
4.27373
3.24656
3.65659
4.20583
4.27526
4.21112
3.68703
3.32706
3.98632
3.19783
4.22294
3.45956
2.62624
3.67472
3.48455
1.94746
3.33758
3.16065
4.66649
2.55051
3.90959
3.06971
3.3563
3.60258
2.87226
3.76379
3.21379
3.00071
3.91678
3.83526
4.0281
4.14491
3.94119
3.61188
3.00844
3.03403
3.95241
3.0702
2.52025
3.48006
3.14946
3.54406
3.21192
2.1744
2.33537
2.12634
2.7982
2.81216
3.9861
4.89255
3.24972
4.30468
2.27208
4.24917
2.9401
2.53784
2.95984
4.58745
3.40174
3.1226
3.35751
3.83166
3.58342
3.71088
3.26938
2.77611
3.39599
3.09937
3.26405
2.92827
2.78057
3.40216
4.06274
2.90591
2.85261
4.21122
3.58997
3.84424
4.16421
3.05574
4.40732
4.03837
3.58538
4.13758
3.60235
2.83143
3.12692
3.29034
4.51064
3.10028
4.31704
4.43852
3.83955
4.11071
3.87003
2.13232
3.34772
3.75499
4.07663
4.01962
3.88563
4.13524
3.43522
3.16901
4.34286
3.54883
3.7152
3.60425
4.14264
3.87562
3.83703
4.00342
3.58416
3.45039
3.68988
3.77074
3.33864
3.08676
4.63301
3.61051
4.31811
3.76553
4.12947
3.45671
3.9226
2.28896
2.42461
3.43491
3.72045
4.48302
4.35175
3.10791
2.75383
3.92993
3.37723
4.02
3.71046
3.14065
4.50361
4.89923
3.35676
4.42796
4.32687
4.7449
3.70712
4.93947
3.9388
4.51737
4.02836
4.03382
3.6387
3.49244
3.88948
3.65309
4.27379
3.41864
3.54007
4.15907
4.80596
4.65394
2.89492
3.68843
3.92557
4.92312
2.9761
2.79229
3.12037
3.87756
4.33344
4.06568
3.08222
4.45961
4.75683
3.57276
3.94185
3.56011
4.24819
4.60329
3.57427
3.76299
3.44194
3.17957
3.38288
3.92002
3.14189
3.39013
3.35135
3.45128
3.56447
4.04796
3.69377
4.06151
3.20876
3.52263
3.83382
3.9655
3.48809
3.2506
4.28088
4.96047
3.82842
3.71372
3.99786
3.41791
3.56066
4.28368
4.23988
3.28061
3.34149
3.76811
4.03372
3.48065
4.19143
3.55067
2.67971
3.41724
3.26622
3.08159
4.06418
3.80293
3.89637
4.19678
4.18753
4.26336
3.51298
3.60457
3.90211
3.3658
3.66079
4.04237
3.92049
3.73897
3.43903
3.95089
3.65454
3.77922
3.92658
3.39765
3.80915
4.44001
4.20966
4.01993
4.30621
4.16783
4.31591
4.67233
4.3866
3.72454
4.08346
4.38207
4.30969
3.55956
4.83509
4.51749
3.78979
3.85596
3.427
2.80764
5.19236
4.51535
4.72387
4.26279
4.47765
4.22205
4.18434
4.31756
3.64688
3.51834
3.76159
4.41115
3.25467
2.27276
3.84907
3.57385
3.9335
3.78072
4.00593
4.03121
3.84461
3.89402
4.20708
3.24838
3.39296
3.66524
4.06412
3.41795
3.84815
4.08449
3.95008
4.04053
3.13721
2.6034
2.85138
2.76513
3.44519
3.60448
2.84845
3.22493
3.7841
3.77031
2.84036
3.7888
3.81528
3.87768
3.84485
3.97707
3.63916
3.27875
3.86743
4.23198
3.93219
3.5088
3.38145
3.57871
2.87271
3.28144
4.08431
3.34078
4.62454
4.445
4.72196
4.86844
4.7745
3.38533
4.25942
4.29827
4.21199
4.21549
3.7065
3.53827
3.71622
3.86756
3.88052
4.03171
3.15716
4.17479
3.80131
3.11442
4.72436
4.02331
4.11326
4.27506
3.90017
3.89565
4.42083
4.41175
4.06572
3.84641
3.60061
4.19006
3.57951
4.15778
3.77131
3.44855
4.15035
3.41051
3.20278
2.15981
4.07491
4.08598
3.03805
3.34527
3.93243
2.87916
2.75765
4.38934
3.04086
2.88136
3.21224
2.89207
4.35744
3.41499
3.55394
3.10688
3.37293
3.41569
3.52775
2.67563
3.27449
3.39024
3.02644
4.00133
1.99245
3.12126
1.85594
1.91163
2.89441
2.69713
3.27127
4.04194
3.81115
4.18858
2.75534
4.30205
3.77269
3.58432
4.40527
3.35885
4.51118
3.84663
4.42821
3.525
4.14312
3.28931
4.41354
4.48079
4.11071
4.15122
4.60975
4.44838
4.40848
4.2282
4.63509
3.35501
4.41692
4.31377
4.67716
2.39993
4.11803
4.53121
4.29342
4.55915
4.69651
4.01736
3.92906
3.91197
4.07565
2.9749
3.86852
4.53429
3.6749
3.17765
3.51798
3.40154
3.87916
4.4723
3.30167
3.40316
4.06194
3.05108
2.91941
3.88403
2.53792
3.24119
2.66275
4.14277
3.96686
1.89823
3.94586
4.30913
4.46679
3.45632
4.79729
3.94455
3.57686
3.01122
3.27994
3.19243
3.62392
3.51797
4.39035
4.17013
3.41777
2.73958
4.1259
3.90448
4.50099
2.13826
4.58988
3.47362
4.48782
3.98143
3.52709
3.25326
4.4884
3.70908
3.09584
3.6568
3.18241
3.27855
3.37361
3.83042
3.89729
3.11193
3.16451
2.97529
3.6277
2.6467
4.82576
4.56769
5.10029
4.21722
3.58387
3.24715
3.36641
3.51313
3.62832
3.08345
4.35172
4.13031
3.44389
4.34021
3.50778
4.1538
4.23666
4.43328
3.50135
3.87887
2.08981
3.46379
2.35493
2.86548
2.66546
3.27262
3.94744
3.51421
2.85919
4.14458
4.1977
4.2011
4.26422
4.19144
3.98908
3.50843
4.0976
4.53369
4.02769
4.71902
4.62384
5.36161
4.12702
4.31131
4.45004
3.97352
4.1955
3.73422
3.91824
4.14173
3.36007
3.80576
3.80121
4.07523
4.11101
3.97763
3.90687
4.05324
4.13533
3.67221
3.62657
2.8666
4.27749
3.98669
3.54163
3.89453
3.20067
3.34332
3.19026
3.22965
4.27188
3.8053
4.16033
4.16765
3.5605
4.14176
3.68392
3.8605
4.00289
3.76797
4.92303
3.63016
4.49751
4.38172
4.56825
3.51326
3.50957
4.21982
4.06042
4.32022
4.3629
3.54734
4.04471
3.40521
3.28117
3.65617
2.87518
2.78914
2.15893
3.2401
4.75343
5.12496
3.42672
5.16686
4.4748
4.7327
4.15767
4.8907
4.1221
4.14032
4.27356
4.21545
4.07366
3.78476
3.95479
3.97285
3.41297
4.44847
3.30845
3.47037
3.85849
4.12268
3.89423
4.08098
4.04602
3.83401
4.71403
3.70361
3.89449
2.91499
4.75441
4.30813
4.75284
3.59771
3.40013
4.41984
4.22887
2.49822
3.6467
4.53168
3.62151
2.62085
3.29387
4.25608
3.42506
4.19821
3.53091
4.03668
3.37392
2.86782
4.47165
4.41923
3.81183
2.95442
4.14401
3.18377
2.60348
3.69605
4.18556
2.47053
3.43665
2.77902
3.16376
3.7661
2.42169
2.54185
3.27172
2.79486
2.9829
2.89069
3.86767
3.84154
3.77677
3.1492
3.38644
3.22082
3.81256
2.9454
2.61845
3.37112
4.03082
3.21123
4.18832
3.60696
3.50503
3.19772
3.64744
1.4137
2.26558
2.99595
4.39423
4.96552
4.1982
4.43779
4.7882
4.18649
4.37114
3.48393
4.51209
3.56691
4.03454
4.84539
4.73209
4.5089
4.49354
3.46114
3.58094
3.46012
3.90134
4.41785
4.80108
4.24
3.45465
3.5671
2.72955
2.86829
3.69613
2.35767
2.88087
3.12205
5.15739
5.1325
4.85088
4.7962
5.01231
4.70062
2.37124
3.72726
2.69615
2.48388
4.13808
3.61654
3.99004
3.50866
3.66887
3.66598
3.63387
3.77333
4.11453
3.7639
3.30248
3.7949
4.16784
4.80415
3.2795
4.1089
3.31529
4.08418
3.96312
3.992
4.55517
4.44692
4.61808
4.41692
4.15898
3.64197
3.71801
3.62659
4.11661
3.67863
3.55055
3.72844
3.23307
3.53818
4.09146
2.89617
3.93885
3.8861
3.57327
3.11882
3.96498
3.56087
4.02323
2.75455
3.69001
3.34469
3.66492
3.41765
2.72055
3.14851
3.64432
3.9387
3.8758
3.65858
4.13146
3.85123
3.51126
4.21698
3.31786
4.18177
3.76954
4.06848
3.88174
3.39931
3.80209
3.3201
3.90624
2.89815
3.70661
3.10128
4.7132
4.27784
3.98533
3.69897
3.76567
2.91282
3.74891
4.35849
3.27848
3.74259
3.90962
3.63688
3.20485
3.56591
3.66858
3.3462
3.47636
2.66173
3.10074
3.05298
4.33293
3.87475
4.00583
2.83047
4.45925
2.72484
3.93018
3.37369
4.51382
3.74908
3.53563
3.2505
3.30391
3.1767
3.63213
2.95202
3.57223
3.5153
2.94476
3.90051
4.09172
4.00948
4.54283
3.98526
2.68426
3.5231
3.54562
4.31073
4.9088
2.76605
3.51472
4.02033
3.65121
3.59887
3.56784
3.07752
4.54263
4.18021
3.34082
2.60387
3.87673
3.79144
4.2294
4.13773
4.94296
4.51261
4.47257
4.86458
4.83535
4.367
3.85053
4.95794
3.89523
3.66971
4.08338
3.60303
3.63425
3.60548
2.95464
3.47759
3.11304
2.5277
4.11486
3.27598
3.59542
3.24478
3.11054
3.54195
3.78643
3.73258
4.02973
4.5907
3.74387
4.01171
3.75587
3.53218
4.72575
3.34863
3.66344
3.97474
4.5803
3.51137
4.36659
3.86006
2.88202
3.82508
3.9658
3.53778
2.07293
2.86718
4.21031
4.19129
4.53963
4.22733
3.91339
4.4845
5.04889
4.19411
4.27061
3.26128
3.56073
3.6222
4.58084
3.96083
4.06066
3.45912
3.45269
4.08719
3.72068
3.27645
3.97202
3.81882
4.05954
3.64415
3.80038
3.65902
3.57477
3.41191
3.05132
3.17328
3.58177
3.68777
4.22079
4.43551
4.41811
3.93244
4.41571
2.54082
4.62689
4.25828
4.84043
4.71896
4.7662
4.86105
3.66108
4.2186
4.77139
3.03071
4.3003
4.66684
4.11797
3.6454
4.28923
4.2814
3.63487
3.77259
2.67344
3.13966
2.58949
3.2216
4.44003
3.47298
4.08596
3.89582
4.99041
4.02082
3.75244
4.16718
3.46226
3.09709
3.48283
4.04594
4.88673
4.92307
3.55121
4.22699
3.12104
4.31032
2.46647
3.57287
3.21605
3.80209
2.713
3.69382
3.72476
3.17057
3.51249
2.9957
3.1665
2.74884
3.95191
3.3473
4.6545
4.47429
4.07435
2.12069
3.3805
1.05219
3.46477
4.5243
4.24893
4.56215
4.52386
4.41372
4.48818
3.49667
4.01819
3.65383
3.63138
3.59312
3.50714
3.16738
2.60358
2.55701
3.12853
3.34554
2.99068
3.31804
2.49589
2.63156
2.35544
3.61884
3.4538
3.56919
3.13124
2.73131
3.36334
3.06678
3.31646
3.12653
3.42844
3.03246
3.45939
3.01957
2.86246
3.32632
3.15054
3.36897
2.97704
3.13498
3.69628
3.63045
3.83339
4.02878
4.77769
4.36516
3.64269
3.85946
4.60246
3.15331
3.53282
3.74543
3.98211
3.19856
3.79632
4.12384
3.91075
3.29164
3.72613
3.69915
3.01766
3.44144
4.0674
3.25592
4.00413
3.86789
3.05938
2.84067
3.7679
2.88904
1.44976
1.51186
2.03054
1.68865
2.24546
1.73925
1.5345
2.05951
1.23811
1.88319
4.07776
3.84143
3.15129
4.23647
4.2216
3.80827
3.30428
3.67834
2.8587
3.17105
4.50289
3.71163
3.9056
3.72216
3.16474
2.49805
3.19212
3.8106
3.81555
2.99121
3.89468
3.63441
3.64997
3.68008
4.40808
3.66934
3.92402
2.98755
3.21696
3.3382
4.11692
4.05358
3.51755
3.67621
4.24362
3.96771
4.14727
2.89019
3.40584
3.24534
2.88437
2.90794
3.53456
2.96328
3.81513
3.21869
3.37269
3.03966
2.49658
2.84602
3.96295
4.22949
3.7951
3.86563
3.66736
3.39435
3.31234
3.99492
3.23368
3.06555
3.68562
4.20419
3.60656
3.896
3.8279
4.05012
3.73659
4.54736
4.30502
3.70013
4.18957
4.23613
3.59666
3.31378
2.41829
3.16718
4.36041
3.47239
3.87409
3.67236
4.80725
4.35856
3.06473
3.21343
4.91572
3.40646
4.00313
4.07773
4.26502
3.02937
4.36196
4.10134
4.40157
4.32455
2.59834
3.821
4.63512
4.63953
3.73465
4.44719
5.1522
4.47896
3.05222
5.17363
3.42519
4.20653
3.27433
4.43503
4.10162
3.32645
3.03161
4.05773
2.02412
3.44861
3.91837
2.3569
3.10122
3.06515
3.20974
2.36866
3.49891
3.27105
3.06807
3.60351
3.14539
3.92707
3.77881
3.2553
3.15557
2.55083
4.49295
4.33821
4.43622
3.90975
3.76198
4.27703
4.38895
4.1637
4.20345
3.98428
4.1611
4.17434
4.43946
4.24265
3.89548
3.48309
4.50955
3.64064
3.64413
3.99673
4.11219
3.49351
3.60901
4.24994
3.5789
3.46528
3.40698
3.59397
4.12371
3.66375
3.59331
3.76581
3.6615
4.02966
2.72665
3.23355
3.98025
4.00881
4.07062
3.93465
3.90058
3.7462
3.86038
4.16584
4.4997
3.5723
4.14766
2.36079
3.94441
3.745
3.21788
3.38751
3.48493
2.89628
3.50645
3.42517
3.04336
3.01826
3.1356
2.58574
3.01253
3.72086
3.89947
3.7085
2.6523
3.19681
3.46619
1.51824
2.35226
2.53511
3.76182
3.84096
4.20328
4.08771
3.76646
4.2997
3.85828
3.59927
3.93088
3.50923
3.84017
4.4516
5.36165
4.60667
4.01622
3.9693
4.05974
4.28384
4.2136
4.26459
3.96437
4.27508
4.62821
4.87097
4.13819
3.82634
3.65928
3.93503
3.60392
3.39342
4.33924
4.51861
2.82939
3.74926
3.77139
4.72247
3.24894
3.61652
3.17158
2.57727
3.59718
3.68455
3.78578
3.44688
3.6809
3.30194
4.03343
3.10024
4.10009
3.52858
3.74023
3.91226
3.33394
3.35839
3.11266
3.60333
3.41889
3.35057
3.34166
2.54217
4.77581
3.93983
4.19932
4.3598
4.01837
3.7234
2.97657
3.49279
3.35961
4.30022
4.25261
4.33139
4.08032
4.036
4.21817
2.40982
4.3797
1.9806
3.01173
2.19839
4.52014
4.21602
3.97145
3.83027
3.06694
2.85358
3.60481
3.53871
3.82906
3.51278
3.3736
2.60494
3.47152
3.61753
3.80055
3.67189
4.03438
2.58743
3.05804
1.90787
3.9745
4.30162
4.37059
4.27544
5.08057
3.81794
3.30681
3.79057
3.49608
3.95791
4.11488
4.15714
4.09933
4.19085
3.51785
3.6912
3.74634
3.65882
3.5033
3.63422
3.45583
4.22282
4.66965
4.61169
4.56773
4.10415
3.97
3.32199
3.71609
3.94086
3.6955
4.37584
3.85031
3.37117
4.30234
3.67904
3.60366
3.37277
3.2863
4.0478
4.59386
2.96964
4.84057
5.34081
3.92844
4.10735
4.12214
3.83024
4.86171
4.04309
3.85422
3.48412
3.62392
3.57862
3.72787
3.173
3.71489
3.48802
2.88683
3.6023
3.68566
3.17393
3.23768
2.66036
3.89883
4.06699
2.78706
3.13843
2.80877
2.32031
3.92892
3.75886
3.05824
3.63712
2.90888
3.11975
2.9276
3.34295
2.87571
2.22483
4.64721
4.43328
3.37061
4.52892
2.58533
3.50325
3.47323
3.14819
3.04502
3.45345
1.92089
2.41304
2.10061
3.0274
1.68404
1.99651
2.10323
1.71087
2.31299
1.7272
3.19708
2.91277
2.89071
3.29327
2.60059
3.12398
3.0499
2.61583
2.683
3.04719
3.64991
3.66875
4.31054
3.21236
2.90258
3.47167
3.99948
3.44061
2.81022
2.0175
3.90208
3.68733
4.11342
3.47472
3.78269
3.9889
3.25814
3.70961
4.02155
2.93316
4.5985
3.87941
4.38692
3.00178
4.21692
2.86015
4.02137
3.88078
3.59803
4.39989
3.99534
4.50377
3.61089
4.03151
4.57432
4.07174
3.19821
3.52364
3.10822
4.12335
3.45099
2.21822
2.38846
2.38855
3.64302
4.58978
3.73838
2.17469
1.22486
2.21533
3.2457
3.69357
3.37629
3.86486
3.71349
3.55222
3.80976
3.99121
3.59139
2.80651
2.77378
4.19483
3.16485
4.01465
3.4127
3.08641
3.48608
3.2263
2.41178
2.06415
3.09541
3.60807
3.43544
2.566
3.07527
3.00381
2.67992
2.95403
3.20007
3.09509
2.99671
3.79137
3.72738
3.81894
3.63224
3.07709
3.21556
3.48202
2.70327
3.22766
4.26066
4.11339
3.56956
3.13596
2.82862
3.43325
2.91014
3.68014
3.44077
3.04506
4.8606
4.83475
2.17871
3.69727
4.39586
4.53681
3.90735
3.46359
4.02003
3.11991
3.11243
4.62974
4.35528
4.29545
3.24283
3.50451
3.6846
4.04587
3.54474
3.96503
3.50885
3.86804
3.8083
3.52619
3.88897
3.1505
3.47279
3.22879
2.79981
3.30931
3.70844
3.27722
3.52625
3.37488
3.78229
3.5279
2.89969
3.67586
3.20846
3.47816
4.17017
2.63451
2.8908
2.24236
3.71043
3.88003
3.8396
3.05794
2.34539
2.71208
3.57563
3.29943
4.71435
5.44076
2.93576
4.38864
2.87341
3.33614
3.63088
3.63884
1.95278
2.91463
1.93812
3.77109
2.62097
3.36524
2.60677
3.63364
2.5974
2.51693
4.48789
4.48735
3.55879
3.92547
3.72159
3.69739
3.15129
4.58199
3.14861
4.60865
4.02572
3.20799
3.85984
3.62124
3.3012
3.33746
3.29014
3.67348
2.72134
3.6422
3.7649
4.47881
4.33646
3.63982
3.98955
3.19148
2.99766
3.53165
2.64891
3.31827
4.38988
3.51804
3.9144
3.42095
3.61304
2.74509
3.80881
3.36035
3.26267
3.50855
3.65148
4.0673
4.24681
3.32549
3.87616
3.60985
3.904
3.55066
2.39109
3.81276
4.80492
4.34047
4.67028
4.51323
4.81641
4.62328
3.90557
4.29736
4.91513
4.24928
3.56648
3.53443
3.22697
3.7243
3.26616
3.25703
2.8277
3.66223
3.25039
3.56231
3.40521
3.49768
3.74223
3.04638
3.48366
3.35657
3.14114
3.86059
3.59785
2.99422
4.47419
4.70505
4.13682
4.39827
4.74554
4.15991
3.97624
3.92041
3.91335
3.57127
3.74954
3.80247
3.6613
3.99014
4.11206
3.81519
3.49377
3.96411
3.84563
4.3637
4.23778
3.6709
4.25737
3.53587
4.80933
4.19791
4.75656
4.2117
4.09449
3.09747
3.00291
3.48079
2.66333
2.82109
3.66158
3.82614
3.91636
3.02249
2.79178
3.43628
3.27165
4.51672
3.48601
3.95275
2.93044
3.00297
3.46548
3.71301
2.02025
2.79612
4.85748
4.5776
3.26156
4.69337
4.47544
4.14999
4.96506
4.72025
4.32146
4.17638
4.14199
2.11565
3.52948
3.79183
3.66739
3.34908
4.65119
3.70099
3.82569
2.8103
3.71273
4.13004
4.26201
4.53659
4.30586
3.42638
2.35623
4.26949
2.12092
1.50799
4.03527
4.00438
3.79386
3.88966
3.98303
3.58412
3.4744
3.07726
4.20513
3.89675
3.96253
3.891
4.34719
4.73029
4.90843
4.33663
3.97354
4.26969
3.60024
2.37778
3.61543
3.34084
2.9768
3.16851
3.37592
3.11707
3.51194
2.96692
2.729
2.52679
3.3655
3.59918
3.1501
2.61582
3.24816
2.87736
3.73472
2.72089
2.8386
3.19489
3.79093
4.00687
4.69471
3.85226
4.42329
2.82634
4.36075
3.98018
3.23171
3.78401
2.50351
3.02649
2.70306
2.47906
3.27834
3.30429
3.22579
2.49627
3.27078
2.48363
3.14986
3.11938
3.93775
3.06919
2.35339
2.76381
2.73457
2.62253
2.66665
2.99139
4.12144
4.01179
3.2473
3.40688
3.88783
4.02938
3.05993
3.47673
3.38666
2.85962
3.25856
3.01388
2.72342
3.46468
3.39842
3.45274
3.6292
3.41141
3.80123
3.31064
4.21073
3.23925
3.91173
4.3939
3.29557
3.59182
2.90341
3.05263
3.80952
4.48652
3.01038
3.08823
2.17908
2.93483
2.89904
3.01589
2.07713
2.31657
2.26381
2.59444
3.83252
4.15094
4.20273
3.62171
3.97379
3.38075
3.47627
4.24269
3.63172
3.06259
3.56724
3.36469
3.63775
3.8926
3.86493
4.07265
4.04233
3.40591
3.79619
3.37808
3.42813
4.19809
4.4321
4.47743
4.38113
3.02146
3.40309
3.91232
3.8559
3.6026
4.10555
4.69028
4.75759
3.72061
3.97533
4.23143
4.35441
4.40703
4.35377
3.97087
4.39833
4.39321
3.3348
4.21695
3.79619
4.82482
3.18266
4.47311
3.96721
3.74414
3.51841
2.77899
3.65818
2.26081
3.49593
3.92275
3.54011
3.09514
3.59514
2.18535
3.44075
3.40494
3.26747
3.99871
3.02141
3.56924
2.55284
3.61141
2.75528
2.33586
2.18438
3.66709
3.10952
3.47955
3.53413
3.68793
3.4758
4.20365
3.8778
3.12508
3.76452
3.81534
3.96177
3.38455
3.76836
4.23516
4.38564
4.12858
4.48528
3.68402
3.10026
3.07462
3.17804
2.81598
2.98174
2.79414
3.68033
3.46325
3.47688
2.33522
3.81445
4.72999
4.00932
3.75113
4.15695
4.0479
3.60185
3.59184
3.75958
3.25706
3.33735
3.39792
3.74478
3.06457
3.17279
2.68841
2.62205
3.42383
2.55116
2.80176
3.60961
4.84292
4.37442
3.73221
4.60182
4.39731
4.46278
4.49389
3.85882
3.90405
3.88422
3.50226
3.74858
3.65556
3.15473
3.32257
3.34264
3.26039
3.12975
3.04855
3.17887
3.27602
3.46963
3.57941
3.37324
3.63369
3.39821
3.04155
3.60465
2.84579
3.52173
3.63243
4.35535
3.29544
3.38581
3.86398
4.24101
4.13351
2.26987
3.01612
5.08249
4.77491
4.63892
4.41302
4.10217
4.14678
4.58532
4.05846
4.09996
3.72213
3.11039
3.19446
3.97429
3.73731
4.01678
3.63212
4.46563
4.67185
3.03011
3.83412
4.13277
2.09799
3.01339
2.86261
2.87125
2.44763
1.79284
1.37905
2.90324
2.60057
2.53455
3.61788
2.81995
3.11537
2.53887
2.96387
2.6579
2.84383
2.02556
2.63945
3.91683
4.49221
3.49988
3.84487
4.85304
3.81407
4.71189
3.66895
3.2139
3.56695
4.49869
4.45852
4.55254
4.54384
4.9705
4.65416
4.50791
4.86507
5.19774
4.03619
4.69638
4.35943
4.71632
4.9646
4.6798
4.33763
4.96879
4.28741
4.10799
4.00356
3.9192
3.43482
4.47731
3.6864
4.22269
4.00689
3.82056
3.7619
4.18469
3.89097
2.65369
3.22321
2.96894
3.48271
3.7727
3.04248
2.89349
2.59299
2.82969
2.88803
4.29063
4.55791
3.89698
4.39233
4.36681
3.40907
3.71591
4.10879
3.72873
3.93517
3.12252
3.47807
4.30082
4.16477
3.0623
3.29519
2.68522
2.74118
2.80722
3.0469
3.58589
3.97192
3.80376
3.75598
4.21316
3.28349
4.15307
3.09538
3.50519
3.63081
1.70154
4.24795
3.6567
3.03973
2.90714
2.87166
5.28255
4.12057
4.9238
4.18078
3.67891
3.55953
3.92928
3.97856
2.97594
4.04006
3.99407
2.6004
2.97614
3.33455
3.33522
2.73338
3.1602
3.64117
3.44423
3.42828
3.47367
3.16184
3.18011
2.92151
4.45143
4.39651
4.5262
3.96471
4.24387
4.56429
4.29895
4.82583
4.36485
4.37546
4.88373
5.03092
4.55157
4.40379
4.71705
4.39917
4.15834
4.3574
4.68208
4.16573
3.8665
3.60889
3.72017
3.78965
4.22058
3.20899
3.978
3.57671
3.58163
3.68098
3.76616
3.11227
3.10328
3.41744
2.91269
3.31782
3.02988
2.77121
2.47036
2.42317
3.59383
3.19526
4.19962
2.92823
3.43581
3.05881
3.86673
3.79618
3.24453
2.77926
3.75124
4.36563
4.46026
3.75027
3.56565
3.66741
4.09097
4.00421
3.70043
4.21507
3.61739
4.00827
4.00967
3.71021
2.55676
4.04607
4.20419
3.85835
3.09059
3.72016
4.50828
3.98811
3.44879
2.97181
2.95448
3.97334
4.05251
3.20963
2.93267
3.46434
4.11118
4.02876
3.59478
3.44141
3.76293
3.32293
4.2179
3.58764
3.83289
2.87993
3.50316
3.2432
3.6096
2.29975
3.13345
3.5185
2.26406
1.78668
3.49426
3.33731
4.36404
4.53392
5.04258
4.57867
4.86922
5.14999
3.16689
4.22257
5.00993
4.52131
4.2647
2.02087
3.63279
3.454
3.91612
2.85373
3.92756
2.90942
3.14439
2.01385
4.11006
4.35347
4.19926
4.28001
4.02803
4.21674
4.07895
4.19121
3.67778
3.88725
4.19771
4.13661
4.05687
3.45482
3.59941
4.12802
4.27809
3.65008
3.89923
3.62227
3.67219
3.86009
4.19544
4.95244
4.44052
3.98156
4.54176
3.95567
3.02591
3.86063
2.75474
3.07338
3.16833
3.36081
3.69411
3.3887
2.66415
3.03481
1.1351
3.24373
3.23643
3.96143
3.43762
3.51884
4.17182
3.4705
2.78677
4.26968
3.163
3.95454
3.83649
4.26816
3.77364
3.872
4.10757
3.98603
3.78804
3.6646
4.36175
4.16127
4.31402
4.27786
4.52955
4.60874
3.78737
3.45055
4.10651
3.29554
3.90584
3.68457
4.21497
4.34821
3.74149
3.93865
4.17677
4.70895
3.94452
3.75854
2.92675
3.42778
4.06906
3.53323
3.47601
3.31747
4.27122
3.32468
3.17169
3.78843
3.75749
3.45967
3.91446
3.9147
3.61053
3.91078
3.80679
4.12862
3.70746
4.0985
3.92427
2.57672
3.32386
3.62258
2.73854
2.04142
2.16023
2.6367
2.74193
2.60768
2.67988
2.41363
3.48492
3.91396
3.45795
3.8915
4.30966
4.12642
4.04675
3.76972
3.03843
3.93666
3.90144
4.33106
3.86618
3.45031
4.16125
4.30595
3.49518
4.01441
3.23414
3.89673
4.01393
3.46872
3.86388
3.0942
4.20563
3.20546
3.24968
3.42697
3.88291
3.45806
3.72232
3.49178
3.04119
4.06134
3.69618
3.26408
3.80232
3.37788
3.32742
3.09164
4.7233
4.19452
3.05847
3.09166
3.76885
3.31071
4.53852
2.96228
3.51541
2.97361
2.97924
4.03847
2.8979
4.37882
3.2691
3.89585
3.80438
3.41953
2.835
3.93295
3.47357
4.8891
3.22976
3.66659
2.96733
3.32892
4.62734
4.21974
2.78602
3.2313
3.07201
3.65606
3.43077
3.02399
2.94105
3.18308
3.06418
2.67756
2.71932
3.18829
4.39092
4.01643
4.63418
4.18662
4.25476
4.26431
4.2168
4.25322
4.08589
4.0421
3.80897
4.26988
4.0525
4.05271
4.26939
3.2909
3.91848
3.14097
3.32399
3.18741
4.19465
4.26628
4.43568
4.11694
3.5784
4.596
4.64065
4.31585
3.50517
3.20823
4.60291
4.38906
4.89488
4.5593
2.64095
3.54661
4.62451
4.60084
4.41008
4.55414
4.20924
4.90468
4.69654
1.97064
3.85727
4.22088
3.32256
3.01866
3.14338
3.92612
4.23518
4.07406
3.56938
3.97347
4.27317
3.81623
3.78567
3.99041
4.08145
3.7842
3.23203
3.53474
3.37479
3.64407
3.35449
4.04909
3.51142
3.26407
3.42887
3.44476
3.87433
3.17889
2.69424
3.23348
3.771
2.55086
3.15728
2.47895
2.8796
3.14143
3.56728
4.2541
2.35573
2.69038
3.57426
2.588
2.74392
2.33961
3.11361
3.44171
3.52042
4.11805
3.90282
3.48879
3.47523
3.45596
3.99084
3.36558
2.9402
2.98729
5.20156
4.48053
3.68764
4.20362
2.22016
3.73509
2.84807
2.42655
3.94123
3.32192
3.77027
3.63735
3.05581
3.61162
3.52322
2.92275
3.22842
3.12369
2.67735
2.97067
4.26872
4.20898
4.29563
4.73931
4.44944
3.97224
3.58998
4.20881
4.33433
3.95962
3.87419
2.91023
3.32224
3.88698
4.15901
1.85963
3.81763
4.39873
3.99762
2.46263
3.89212
2.81358
4.40403
3.99031
4.06532
4.14044
3.28491
3.92009
4.09419
3.42207
3.53155
3.58542
3.62516
3.41543
3.20381
3.50259
3.21075
3.67198
3.0948
3.16742
4.05109
2.98814
3.62372
4.17835
3.60905
3.76561
3.90605
3.46914
3.72326
3.52961
2.01636
2.77348
3.13829
2.83514
3.44228
2.84384
2.91729
2.42851
3.03594
3.0296
3.09595
3.7053
3.42031
3.39526
3.40624
3.1614
3.33296
3.37034
3.64837
2.97506
3.45756
2.70784
3.91957
3.31977
2.84165
3.20077
2.65286
3.31976
4.08459
3.30163
3.33223
4.03558
3.68573
3.93198
3.89941
3.60011
4.13638
3.95877
4.11973
3.96364
2.93266
3.01415
4.17329
3.21067
4.79704
4.21638
3.4952
3.56377
3.29848
3.12915
3.82516
3.72469
3.64861
3.54182
3.13615
2.76653
3.62044
3.74472
3.20525
3.14843
3.52872
3.62909
3.55382
3.98502
3.63022
2.56491
3.11342
3.20851
3.79645
2.99342
4.22445
4.18329
3.69861
4.12151
3.54716
3.42259
3.94367
3.71601
4.12951
3.06434
3.05473
3.0963
3.0733
2.80548
2.46107
2.44241
3.05064
2.77937
2.88851
2.65494
3.71434
3.86742
3.78376
3.98374
3.68655
3.19364
3.48459
3.77925
3.25442
2.96983
4.11196
3.77691
3.32869
3.22657
3.2296
3.79007
3.30868
3.22671
3.3287
3.19433
4.56231
4.23082
4.52319
3.73202
4.22452
4.14914
4.26461
4.25972
4.18894
4.1308
4.12428
4.47406
3.41994
4.41452
3.39425
3.83923
3.26716
4.33036
2.01134
2.25293
5.02889
4.62962
4.67669
4.67188
4.77191
3.80681
4.08071
4.50916
4.59158
4.72105
2.9735
4.01097
3.56813
4.56531
4.31596
4.55687
3.32825
4.05834
4.4274
3.08475
4.13451
3.89811
3.62092
3.59275
3.85481
3.62234
3.46745
3.19118
3.98653
4.19027
2.71275
3.90143
3.15483
3.03495
3.27596
3.13101
3.39365
3.48745
2.99923
3.3771
2.18589
3.26725
3.56352
3.21905
2.79017
3.10808
2.74716
3.29924
2.48539
3.05619
3.80085
4.032
3.87489
4.22991
3.96212
3.67312
3.56682
4.29642
3.50703
3.29698
3.69726
3.43735
3.43705
3.38446
4.66056
3.18254
3.33108
3.26052
3.40578
3.27809
4.56916
3.30125
3.72351
3.83702
3.09068
3.96049
4.57446
3.19974
2.94048
3.42543
4.27273
4.19592
3.2813
3.81233
2.65283
3.79586
3.3872
3.42156
3.49589
3.69654
4.17119
5.81052
4.57687
4.78079
4.28874
4.3702
1.53551
3.46688
3.92595
4.51194
3.44321
4.43178
4.5902
4.19481
4.28658
3.86291
3.72584
3.90696
4.124
3.09031
3.67313
4.20598
3.68843
3.93823
3.65057
3.63933
3.66512
3.05349
3.46628
2.27847
2.87229
3.16284
3.1792
2.69568
2.61403
2.525
3.92973
2.33261
3.84975
3.58267
3.39704
3.32945
4.26033
4.03411
3.67632
3.33559
4.52911
3.03378
2.98558
3.16962
3.66811
3.91662
3.50832
3.68875
3.81822
3.67244
2.9867
3.76554
3.09233
3.5561
3.93155
3.79001
3.03265
4.68724
2.87944
2.7198
2.7901
2.93655
4.06762
3.38514
2.96224
4.96232
4.38645
4.02398
3.86696
3.89612
3.75363
2.86187
3.13178
4.19658
3.25057
3.9067
5.02231
3.46135
3.16705
2.79861
3.51615
3.21331
2.39412
2.37267
3.71428
3.66391
3.75381
3.24981
2.69484
2.82251
1.72358
2.7635
1.95995
3.66233
4.23459
3.87313
4.30139
3.85277
4.01388
3.94392
3.33886
3.82977
3.0241
2.98475
3.79761
3.31021
4.07282
3.55324
4.02834
4.22357
4.07252
3.89657
3.57858
2.81556
3.0612
3.24844
3.81912
4.07612
3.63163
3.52064
3.27401
2.85189
2.85743
2.93239
3.81434
4.96586
4.28754
4.34844
4.70038
3.30677
4.51016
4.39023
3.95559
4.28764
4.35593
4.57964
3.45721
3.93514
4.34483
4.16904
3.9561
3.15483
3.46821
3.24809
4.15765
4.01664
3.37863
2.90864
4.24659
3.71068
4.15127
4.16122
3.94651
3.88638
3.98875
3.638
3.42981
3.45089
3.43068
3.58124
4.46978
3.48493
3.52582
3.51739
3.21644
3.39687
2.87042
2.9409
2.93903
1.79735
2.83335
1.39977
1.34681
1.82312
3.69558
3.93447
4.05974
3.16256
4.49647
3.79004
4.16668
3.31539
3.11848
3.76936
3.89854
3.32762
3.41192
3.54313
3.94904
3.47922
3.95153
3.58275
3.78299
4.2694
3.34739
3.53588
3.18224
3.39913
3.24243
3.64148
2.62076
3.15175
2.8292
3.56764
4.38635
4.4692
5.10755
4.24678
4.95413
4.76318
4.27805
4.28918
3.91914
4.42661
3.39291
3.45075
3.65377
3.44093
3.56273
2.95108
3.41656
3.41548
2.97135
3.00224
4.40934
4.81915
1.73222
2.78974
3.85713
4.43983
3.90204
3.44096
3.97599
3.30065
4.08258
4.42788
3.39413
3.66723
4.29769
3.10001
2.81601
3.32619
4.21269
3.63615
2.76951
2.66394
3.17416
3.46158
2.37268
2.83212
2.51143
3.32821
2.37397
2.12115
2.90534
3.89375
2.93145
3.8842
3.65008
3.54498
3.48142
3.84174
2.97771
2.98417
3.09946
3.54683
4.07796
3.67262
3.88484
3.44625
4.09825
3.88608
3.44656
3.57012
4.37212
3.87658
3.61541
4.11096
3.00736
4.01588
3.55153
4.04907
3.84101
3.23178
3.99034
4.26281
3.56133
2.19599
3.97822
3.36676
2.43236
3.27509
3.14103
3.30536
3.14639
2.57585
3.23897
4.29372
3.97951
3.04614
2.3696
2.70352
3.36749
3.4814
4.22525
3.45537
3.83906
3.87476
4.22448
3.76416
3.30083
3.25416
3.60041
3.18886
4.55401
4.07799
3.27083
4.58542
3.26344
3.73786
3.56326
3.73565
3.00969
3.25691
3.78223
3.05601
3.8245
3.9531
3.23394
3.43209
3.44852
3.00738
2.66079
2.82732
0.745272
3.44443
2.66273
2.29287
1.88919
2.28679
2.11833
1.37771
1.23425
0.893887
3.39766
3.38616
3.80313
3.53993
2.83859
3.16189
3.72352
3.61354
2.9082
3.94736
4.61624
4.68764
5.04597
4.54075
4.19848
3.88332
4.31245
4.47734
4.45086
3.86484
4.26848
4.15753
4.10214
4.72289
4.34229
4.28603
3.64567
3.60252
4.70075
3.50581
3.70054
3.24951
3.31352
3.48507
3.2606
3.02875
3.28058
2.81204
3.12043
2.7791
4.25174
3.6573
2.75914
3.11045
3.35148
4.09529
3.15071
2.29589
3.56866
2.32925
3.29203
4.04609
3.5441
3.75967
3.6338
3.63013
3.92352
3.51537
3.65328
3.21103
3.76061
3.75403
3.84124
3.42757
3.1561
3.21952
2.52129
3.20182
3.20333
2.50118
3.89839
3.57987
3.57179
4.3585
3.44169
3.13407
3.11172
3.23838
2.803
3.0067
3.43265
3.82341
4.03899
2.7904
3.49776
3.33816
2.71596
2.70034
2.91379
3.27651
4.44009
4.16741
4.52943
4.39951
4.3858
4.17122
4.92039
4.11656
3.88692
4.29114
2.6598
2.67806
2.60447
2.8339
2.16163
2.33641
2.88766
1.97457
1.64127
2.10315
4.51319
3.71513
3.55436
4.39247
4.29836
3.82965
4.03105
3.12175
3.03976
2.68684
2.80103
2.75822
3.30328
3.05926
2.90025
2.77211
3.1784
3.26529
3.26263
3.21899
4.56275
3.28716
3.69325
4.99227
4.46602
4.21352
4.19997
4.25089
3.43509
4.55802
4.40703
4.12013
4.47344
4.311
3.8831
3.87432
4.33726
4.5083
4.33928
3.92372
4.39444
3.07054
3.7831
4.58237
4.12511
4.31787
3.27075
3.46785
3.51993
3.76845
4.62408
3.6597
4.10412
4.30196
3.12452
3.57163
3.02689
4.30905
3.99263
4.25993
4.23409
4.03585
3.81682
3.66789
4.05746
4.02467
4.3401
3.44961
4.30717
3.68308
3.36485
4.37483
4.68428
4.53456
4.38026
4.19812
3.24622
4.02028
2.50897
3.42013
3.44545
3.35656
3.23267
3.10075
3.44683
3.34087
2.61373
2.34107
3.23709
3.23029
3.93957
3.91938
3.37839
3.93965
3.95285
3.11764
4.18818
4.09617
3.57138
3.73035
4.4862
2.58342
3.28044
3.14481
3.76655
3.86076
3.31624
2.56293
2.86339
2.96539
4.48542
4.08538
3.86607
2.17777
4.65554
3.68552
2.98704
3.76236
3.07366
2.66821
4.13847
3.49989
2.50824
3.30398
3.17379
2.55141
2.91383
3.03447
2.67044
2.57378
3.63207
4.1392
3.75442
4.10299
3.46206
3.3738
2.69135
3.91921
3.37247
2.12187
2.94246
2.60731
3.38865
3.18773
2.89646
3.12548
2.72807
2.39668
3.13931
3.40461
3.53628
2.87287
2.78896
3.02125
3.59164
3.14579
1.93387
2.96875
2.48432
2.90094
3.45368
4.05443
4.21301
3.80155
4.19179
4.35765
3.91037
3.56684
3.22262
3.39862
2.59747
2.53059
3.01518
3.25116
2.67095
3.27113
2.32074
3.05071
3.24646
2.49966
2.33192
2.39143
2.60476
3.45672
2.68322
2.93355
2.92714
2.13306
2.47283
2.12451
3.62589
3.52951
3.85664
3.22353
3.08612
3.28661
3.23779
3.41983
3.49653
3.16309
3.79646
3.96834
3.93586
4.27818
3.7317
3.59601
3.7242
3.58243
3.1097
3.02546
3.57729
3.9942
4.08093
4.33259
3.8277
3.1588
3.88846
3.57299
4.14162
4.16963
2.75298
2.99575
2.16232
2.38933
2.0686
2.77127
2.65653
3.17975
2.59231
1.64409
3.82861
2.86177
3.75294
4.1577
4.65664
4.43921
4.39974
3.68361
4.37823
4.16792
4.37613
4.87637
4.10848
4.72056
4.45888
3.72141
3.6289
4.88059
4.17603
4.2234
3.78524
3.97814
3.93365
4.42703
3.19333
2.92683
3.91962
3.62837
3.55063
2.84528
2.93108
4.28854
2.41114
4.38613
4.32377
2.81993
3.86618
4.47208
4.21394
1.90657
3.52751
3.6026
3.68274
2.80809
3.71528
3.08757
3.94247
3.61333
2.88546
2.77299
4.40764
2.80933
4.06693
4.05766
3.96779
3.79548
4.18177
4.05879
2.39775
3.36089
4.12569
4.29933
3.6797
4.26172
3.46971
4.26423
4.374
3.99145
4.03804
3.85191
3.06348
2.89046
4.11088
3.21161
3.15535
3.6565
3.47593
3.53963
3.64347
2.85075
3.99455
4.15572
3.15149
2.5199
3.37964
3.53216
3.85069
3.69987
3.63442
2.75729
3.50408
4.25563
3.89417
3.17735
4.14495
3.84865
3.97317
3.43611
3.93593
3.97141
3.17384
3.1666
4.28388
3.67874
4.10768
4.37262
2.60218
3.80747
3.81631
3.4287
3.87402
4.31247
2.69222
2.82575
2.71854
2.55354
3.12533
2.24264
2.81498
2.51871
4.00191
3.83746
3.55071
3.22259
3.63409
3.75538
3.64631
3.71214
3.64168
3.88119
3.65645
4.43088
4.15392
3.70747
4.11765
4.27843
3.66347
3.43136
3.64572
2.72978
3.42144
3.72441
3.39352
3.85795
3.99831
3.41214
3.31599
3.72812
2.81819
3.15919
4.21606
4.46119
3.10751
4.83162
3.98376
3.34199
4.4501
1.5949
3.15286
3.34417
4.02065
4.08241
4.11377
3.68856
3.88887
3.16165
4.18422
3.74653
3.85708
3.73826
3.58664
3.42511
3.29758
4.11715
3.19505
3.27274
3.89687
3.65408
3.22804
3.06147
4.33436
3.31815
4.56838
4.37749
4.14018
3.4683
3.48128
4.1729
3.27111
4.08802
4.40079
3.94562
3.15573
3.98889
3.67844
4.06756
4.84041
3.63364
3.77905
2.48688
3.84373
1.93981
4.35993
3.30032
2.50376
3.45537
1.71225
3.36209
3.15872
4.37491
3.19799
3.13437
3.69861
4.01285
2.25771
2.58508
1.58419
2.47162
3.6127
3.08921
3.72146
2.46181
3.8444
3.69863
3.74565
2.97084
4.41803
2.42854
2.5902
3.15574
3.35213
3.90648
4.51436
3.70194
3.6732
3.87245
3.6125
3.38819
4.15709
3.48381
3.06033
2.01678
3.37235
2.60413
2.218
2.75574
2.67219
2.66287
2.14558
2.16397
4.16962
4.84174
4.56839
5.121
5.0198
4.02064
5.0009
4.59196
5.22361
4.76308
3.07569
2.87662
3.58538
3.48492
2.71292
3.87097
2.50485
2.96111
3.16575
2.08219
4.07164
4.86417
4.72981
4.75285
4.86189
4.06336
4.39641
4.33243
4.37739
4.61163
3.76251
3.7797
4.4467
3.31385
4.38953
3.8281
3.82209
4.13857
4.04615
3.91038
3.25504
2.89529
2.41683
2.76947
3.85169
3.2928
2.95405
2.36617
2.54711
2.57684
4.52384
4.61406
5.3074
5.0447
5.14133
5.17881
3.15338
5.19845
4.75842
5.14059
3.59417
3.64833
3.83821
3.46891
2.95908
2.44377
3.74503
3.08763
2.87288
2.55419
3.30698
3.64496
3.05529
2.82542
2.72695
2.65185
3.75253
3.29107
3.35441
2.38198
4.49461
4.33618
4.30414
4.35323
3.5277
4.16892
4.11992
3.94559
4.24824
4.00786
2.72
3.14917
3.35141
3.54776
3.79901
3.42974
2.53776
3.73532
3.47381
3.85541
3.96986
3.84152
3.89644
3.0423
4.22708
4.198
4.47929
3.06068
3.49069
4.22597
4.36146
4.36877
3.09826
4.35248
3.90756
4.28508
3.78189
4.07713
2.47174
4.06026
3.19508
3.07031
3.0274
2.82468
2.53405
2.65321
2.94446
2.9228
2.91908
2.49029
3.6956
3.0298
3.5363
3.29272
3.36614
2.93323
3.29719
3.07341
2.75145
3.41288
3.56218
3.9175
3.62199
3.72445
3.40717
3.69814
3.51014
3.61481
3.41177
3.41425
4.66379
3.77505
4.34335
4.66222
4.36993
3.73894
4.54015
4.59155
4.07359
4.47889
3.70999
2.78345
1.76347
3.03974
2.40932
3.36071
3.86813
2.6611
1.13885
2.66382
3.67482
4.36884
3.51799
4.21496
3.85771
3.67524
3.77385
3.16166
2.81885
2.9816
3.70817
3.93845
3.84739
4.03768
3.35168
4.11341
3.13798
3.33914
3.53398
3.88364
2.82737
3.71683
3.8297
3.01237
3.75853
3.06118
3.88912
3.30804
2.99322
2.80528
3.86007
3.75301
3.33851
4.67565
3.62396
3.46438
3.16828
3.48945
4.04666
3.63791
3.98475
3.76355
3.76219
3.80498
3.30503
3.13636
3.8074
3.32323
3.2026
2.83996
3.87026
3.68711
3.42717
3.16833
3.85727
3.8445
3.12407
2.26299
2.80231
3.01991
4.03843
3.05941
4.47219
3.86347
3.51672
3.65031
3.49282
2.7031
2.82002
3.07134
3.85174
4.03591
4.03834
4.1364
4.04463
2.40318
3.22467
2.98363
2.97484
3.07708
4.94877
3.76365
4.06608
3.98401
2.71504
3.79283
4.22021
4.07078
2.33497
3.48563
3.57467
3.94027
4.28622
4.55411
4.65
3.86548
3.63148
3.34189
4.04702
3.4624
2.83323
2.88967
3.27556
1.61283
2.3979
2.64197
3.30809
3.00059
2.57775
3.1628
4.63348
4.34028
3.81986
3.55977
3.9065
4.43912
3.7841
3.07598
4.07894
3.38883
3.31214
4.34719
4.04466
4.13643
4.15345
2.38087
3.33695
3.26667
3.59095
2.37415
3.38388
2.94479
3.81746
3.27568
4.28218
4.19458
2.79172
4.17863
4.99091
4.81526
4.00999
3.96109
4.51063
4.07576
4.27369
3.36879
3.3725
3.54129
3.82876
3.28827
3.88077
4.33214
2.82577
4.61854
4.00579
3.53311
3.68648
3.37356
3.64845
3.66264
3.12596
3.01016
3.16937
3.40275
2.96272
2.86749
3.39837
3.44254
3.46765
3.43928
4.04794
4.30772
3.88994
4.18074
4.42878
3.96768
3.71212
3.79578
3.82904
4.14663
4.22722
2.96837
3.51657
3.74618
4.35709
3.75573
2.52323
2.42678
3.64896
3.17427
4.1474
3.78365
2.57969
4.05654
3.77109
3.6136
4.22794
4.26357
2.35385
3.63782
3.56166
3.69275
3.07433
4.21402
4.03237
3.82452
3.67539
3.46055
2.78745
3.03284
1.78754
1.62458
3.39112
2.2364
2.4443
1.97159
2.62015
1.97598
2.83924
2.42711
4.35232
4.64688
4.46569
3.73714
4.64283
3.31881
4.27941
3.7282
3.14855
4.25908
2.75488
3.23542
3.10108
3.40879
2.53351
3.00281
3.01258
2.79706
3.19696
2.73904
3.07425
2.30856
3.77294
2.88898
3.55924
4.12369
2.53669
2.33677
2.79932
3.36408
3.5623
4.00189
3.78734
3.55482
3.793
3.2017
3.61795
3.17428
2.98953
2.52002
2.88182
3.24612
3.24488
2.91602
2.04005
2.67347
3.15919
2.79239
2.8515
1.9018
3.17705
3.86803
3.0524
2.95714
2.71055
3.31561
2.88265
2.68972
2.41489
2.54673
3.24534
3.50428
3.30602
3.45919
3.91316
3.95226
3.88504
3.57065
3.52699
3.71252
3.84277
4.23375
4.45542
4.06603
3.64868
4.12071
3.63178
3.30984
3.88905
3.57731
3.54281
3.00055
3.39785
2.71742
2.32059
2.83289
3.64341
2.96887
3.37469
4.00183
3.74205
4.00987
3.41533
3.94914
4.20442
3.65149
3.8225
3.58673
3.51785
3.57296
3.65023
3.45705
3.53231
3.30867
3.44351
3.34424
3.23948
3.0935
3.2965
3.35445
3.87303
3.37864
4.03625
3.60141
2.70479
3.1171
2.73819
4.21521
3.3319
3.4457
4.29251
3.87971
4.14358
4.43465
4.21382
4.29065
3.51513
3.24876
4.42962
4.01841
3.42684
3.66718
4.14152
3.48982
3.88142
3.87399
3.89806
4.16131
3.38957
4.00304
3.77944
3.96183
4.10869
3.0871
3.49923
3.60499
3.08161
2.89228
3.46339
2.57744
4.26944
3.63153
3.22992
2.94286
2.73907
3.15444
3.41495
2.47296
2.61454
2.64382
3.10638
3.16382
3.78361
2.78338
3.72824
3.04364
4.30607
2.20976
1.71427
1.68476
3.68794
3.2227
3.27213
3.52184
3.1694
2.85145
3.56218
3.43116
3.72259
3.54564
3.70817
4.4468
4.05293
3.98436
3.53526
3.3961
4.09996
3.51112
3.94676
3.47609
3.73815
4.16779
3.45909
3.65725
3.87936
3.48205
4.2818
3.39538
3.83103
3.37442
2.81358
3.13705
2.60647
3.1691
2.73179
3.21219
2.44797
2.74596
3.13935
3.13679
3.67318
4.36262
3.90921
3.50012
3.52381
3.94364
2.61932
3.34926
3.25982
3.61998
4.87038
3.6396
4.88772
3.64257
4.24951
4.70874
3.92562
3.87252
4.33133
3.96589
4.04308
3.82993
3.91349
3.5432
3.37569
4.25811
3.92595
3.80875
4.01856
3.06304
4.23145
3.48582
3.43504
3.70288
3.97964
3.34137
3.14166
3.78882
3.48038
3.85694
3.79849
3.48964
3.31706
3.53627
2.86928
3.80357
3.19317
3.89225
2.81632
3.4479
4.16928
3.527
3.61664
3.24287
3.57948
4.08168
3.35435
2.88901
4.05892
3.44355
3.22433
3.70078
2.49761
3.28235
3.36997
3.46673
3.48616
3.48581
3.43143
3.60372
3.80268
3.84745
3.2825
2.9749
3.97646
3.62762
3.51831
3.83492
3.41281
3.00369
3.87636
3.2034
3.07858
2.85435
3.08326
3.30031
3.50801
3.53372
2.40642
3.30338
3.09337
2.73725
3.3709
3.16649
3.44148
2.42494
2.36035
2.98132
3.5886
2.02962
3.05883
3.59573
3.22997
4.09675
3.2154
2.17427
3.45942
3.69835
2.82002
4.02893
3.91402
3.55116
3.93948
3.21945
3.78496
3.15216
3.3419
2.82645
3.99554
2.56374
4.72211
4.59038
3.79246
4.33636
4.42553
3.94755
4.52472
4.29199
4.10237
3.2166
4.05288
4.31167
4.56074
4.13615
4.08861
4.55564
4.08203
3.7183
4.26084
3.99966
3.68463
3.4928
4.0055
4.20911
3.51086
3.92391
3.42642
3.8998
3.23594
2.92176
3.11632
3.5845
2.38419
2.85262
2.37955
3.18929
3.16443
2.81586
2.87871
2.72063
2.75146
3.29833
2.71715
2.62204
3.35932
2.89454
3.2917
2.0644
2.48438
2.77408
4.06366
3.87675
3.24135
4.19099
3.7649
4.35061
3.80914
3.61171
3.76846
3.64006
4.25508
3.71751
3.67409
3.5024
4.11516
4.19243
3.489
3.10872
4.20226
3.08997
3.45486
3.63343
4.84504
3.44256
4.41172
4.075
4.82183
4.15158
4.40988
3.78541
2.94431
2.65707
3.13746
2.91721
2.67828
3.97244
2.87061
4.122
3.71823
2.28424
4.79363
4.78938
4.78069
4.04911
4.80824
4.54801
4.82938
4.26801
4.06927
4.26813
3.51258
3.529
4.04613
3.62406
2.9312
3.36946
3.18624
2.59768
3.29113
3.24034
3.72915
3.78005
3.87246
3.28428
2.98255
3.05263
2.66413
2.47072
2.68547
2.98416
4.92521
4.30649
3.63782
4.20791
4.15318
4.02935
4.31703
3.60521
3.3346
4.47439
3.77377
3.78018
3.10636
3.52967
3.44131
3.37671
3.84163
3.46471
3.53276
2.90484
4.03147
4.03438
3.69142
4.85451
3.58734
3.82842
3.99054
3.35445
3.83457
3.70204
2.32708
3.72707
2.83204
4.01291
4.1278
2.26528
2.42592
2.71437
3.6646
3.33872
2.823
2.58848
1.73347
3.05636
2.82386
1.68833
1.62577
1.92692
1.55686
1.3192
4.27152
2.95704
4.15817
3.85725
4.73724
4.02646
3.88964
3.72415
3.40344
3.56306
4.41335
4.15731
3.98175
2.72138
3.52811
2.20007
3.67488
4.06725
2.55679
1.81181
4.60019
4.17115
4.25748
4.33819
4.44573
4.42734
4.51622
4.35578
4.53923
4.14645
3.58371
1.83468
2.51669
3.2076
3.09349
2.95141
3.19709
2.88392
2.58013
2.27159
4.23643
4.23829
4.32816
4.27355
3.49154
4.15899
3.48899
4.43904
3.47441
4.07288
3.81757
4.52429
4.0015
4.3143
3.97569
3.92062
3.30738
4.03448
3.79205
3.68067
4.0061
4.26142
4.52655
4.17929
4.30325
3.48142
2.17579
2.85011
4.71766
4.577
2.71328
2.96747
3.29266
2.81969
2.02066
2.74136
2.97452
2.72017
2.8476
3.28309
3.20911
3.25425
3.99623
3.67632
3.87702
4.05257
3.37254
4.00659
4.4
3.03228
4.00016
3.68672
4.02872
4.00329
3.88295
3.97287
3.50094
4.19351
3.48497
3.27113
3.77913
4.20914
4.1154
3.88903
3.90824
3.94616
3.51982
3.30252
3.77435
3.54933
3.86046
4.23247
3.50691
3.80386
4.05035
3.43688
4.34884
3.15872
3.57067
4.12522
3.09439
3.48843
3.47793
3.59197
3.27986
3.05142
3.55806
2.99277
3.03796
3.17079
3.63379
3.3942
3.8252
2.90386
2.35242
4.12049
3.69047
3.75204
3.23362
3.52763
3.77831
4.65566
3.57385
4.35422
3.27124
3.78579
2.79267
3.97269
3.62451
3.22663
2.59608
3.31778
3.46225
4.33844
2.97757
3.14536
1.81796
3.44261
2.78449
2.2906
4.96304
4.14684
4.50332
3.85584
3.27507
3.2664
4.08468
3.43765
3.6657
3.87804
2.43601
3.29689
3.21422
3.87679
2.73333
2.54254
3.07697
3.03719
2.67563
2.76791
3.31185
3.80315
3.85242
3.11478
3.79296
3.38986
2.8632
3.38262
3.5635
3.91601
3.91389
4.52751
2.83592
4.25277
4.69199
4.75324
4.79485
4.69311
3.70253
4.19542
3.34085
4.00916
2.78874
3.54285
3.15644
3.38304
2.52963
3.4762
3.0478
2.76051
4.19981
3.97101
3.50908
3.74278
2.56793
3.81301
3.05727
2.95145
3.56304
3.43948
3.49198
3.49268
3.15931
3.01367
2.80978
2.8473
1.68495
2.54529
1.92538
1.8632
3.5169
3.83732
3.78069
2.79013
3.30062
3.61674
3.60292
3.06344
3.69635
3.56124
4.34632
4.48621
4.31572
4.01411
3.36086
4.43928
4.25241
4.12378
4.21377
3.82145
3.48491
3.82838
4.55513
4.00204
3.85583
2.45589
3.50888
4.05017
3.51984
3.11727
2.9225
4.33103
3.69794
4.61391
4.30281
4.33877
4.73492
4.07117
2.33099
3.86178
3.73474
3.66797
3.5321
4.38258
3.62434
3.77903
3.03172
2.86411
3.67678
3.15763
1.41427
2.67721
3.43888
4.17238
3.94277
1.40658
3.35022
2.32923
3.45106
4.3896
4.04303
3.78455
4.09296
4.23578
3.94706
4.44706
3.89407
3.55834
3.97775
2.64719
3.08185
3.45198
3.94593
3.94889
3.37657
4.79088
2.60591
4.35607
3.29316
2.65723
3.23513
4.2514
4.22088
4.08023
3.16744
3.19905
2.48446
3.44259
4.34373
4.08076
4.35677
3.98388
3.8148
4.03352
3.87406
4.21803
4.2191
3.91428
3.6981
3.50591
3.60701
4.6792
4.06379
4.1607
3.5918
5.29436
4.65017
3.45157
3.82661
4.49541
3.56008
4.16183
3.44971
2.89467
4.20949
3.42664
3.90697
3.03396
2.5028
2.80735
4.60989
4.30449
4.41799
4.303
5.07427
4.19275
4.11986
4.64275
4.59597
4.3828
4.80737
3.68896
4.36816
4.1171
4.16702
4.3418
4.03588
4.37248
4.30002
3.62461
3.59577
2.56478
3.73933
3.76982
3.51041
3.82884
2.89208
3.49663
3.72711
2.81502
2.70277
2.78882
3.27304
2.8075
2.90382
3.04186
3.39829
2.77286
2.55161
2.14155
3.54865
3.66442
3.3804
3.47081
3.30923
2.97945
2.5496
2.328
3.43519
2.97685
4.20822
3.97117
4.38581
4.2814
4.24968
4.22615
2.20102
4.55213
4.1808
2.65624
4.65376
3.59693
4.2349
3.86809
3.65808
4.88029
3.94622
3.79752
3.70539
3.67928
3.94603
3.6493
3.14854
3.88277
3.97556
3.38315
3.17303
3.4422
2.63372
2.93745
3.7409
3.9389
4.07808
2.89936
3.34513
3.32516
3.47537
3.72514
2.94977
2.97409
4.50721
4.25974
4.35232
4.16493
4.63119
3.96558
4.36867
2.91444
3.93434
4.27969
2.38508
2.87689
3.0797
2.79539
3.09428
3.82991
3.90925
2.69009
2.91563
2.44419
5.26191
4.44515
3.55527
4.31593
5.09347
4.6702
4.63158
4.77644
4.22191
4.36945
3.26211
4.07039
3.35753
4.21063
2.93081
3.58338
2.54606
2.58161
2.7879
3.57459
3.80472
4.20054
2.87653
4.81472
3.94713
4.86466
4.10751
4.10861
3.42249
2.56721
3.2703
3.2073
2.50497
3.27762
2.44704
2.9747
2.88305
2.45631
2.33237
2.14457
2.28073
3.84152
2.82646
3.54871
4.2834
3.29266
4.01035
3.0463
3.94462
4.04455
3.55059
4.71365
3.91232
4.59033
4.19926
3.96369
4.49331
3.25417
3.97049
2.84944
3.3775
3.43264
4.06438
3.26187
3.80129
3.0787
3.45593
3.34838
3.0519
3.32551
3.41576
3.52962
3.43094
3.81663
2.6436
3.19809
2.7242
3.40902
3.02074
3.01751
4.11448
3.94065
3.44802
3.7571
2.8439
4.38587
3.0196
3.92592
3.33789
3.39593
4.62721
3.84444
4.19552
2.64604
3.36758
3.49202
3.82408
2.39803
4.64772
3.73958
3.83579
4.13915
4.27827
2.72051
3.53821
3.52942
3.49654
3.55514
2.19604
3.60204
3.27463
3.46338
2.9383
2.97018
2.67989
3.18248
3.00494
3.09884
2.27761
2.493
1.84382
3.31233
3.65446
1.85247
3.40695
3.03659
4.00678
2.78049
2.00838
2.97833
4.06361
4.33181
4.224
4.22132
4.23584
4.32654
4.1591
4.79754
3.80966
4.01918
4.26647
4.0922
3.95846
4.30484
3.04687
3.71805
3.89785
4.3509
4.08406
3.72017
4.49486
4.38146
4.4945
3.89725
4.02731
3.97452
4.18448
2.83699
3.32616
4.04089
3.35902
2.59018
2.42035
3.02364
3.699
2.54203
2.96885
2.84464
3.16255
2.95399
3.68998
4.7964
4.47535
4.28263
4.08476
4.67606
4.17227
3.62358
3.90286
3.51206
2.97252
3.45037
3.10535
3.54209
2.35991
3.34267
3.01066
3.33029
2.88592
3.62142
4.46652
4.18884
4.00165
3.78653
4.19922
4.80025
4.43883
4.52734
3.45127
3.53792
4.12471
5.01678
4.57668
4.01103
3.276
3.97061
3.04659
3.49369
3.9368
3.01573
4.58238
4.58292
3.64625
4.4782
4.47708
3.60718
3.58499
3.7567
3.75548
3.1633
2.85978
3.05612
2.82591
3.05493
1.91343
2.96151
1.95596
3.1197
2.7197
2.47245
4.08709
3.60415
3.00657
3.6785
3.76468
3.78449
3.36135
3.81997
3.03004
2.97473
3.08151
3.9237
3.24474
4.1961
3.22546
2.72895
2.75069
2.15045
3.27666
2.85253
4.66418
4.06135
3.56772
2.91507
2.26908
3.79958
3.6239
3.02719
2.95562
2.92636
3.36045
2.9352
3.0866
2.62304
3.05052
3.31027
3.03762
2.08606
3.22778
3.30323
3.81504
4.55919
4.10702
4.30274
3.66742
4.34058
4.39726
4.09641
4.52131
3.63737
4.87749
4.19193
4.8058
5.78867
5.88234
4.68293
4.96124
5.19798
4.86141
4.01543
4.45831
3.96173
4.70173
4.4968
4.67993
4.38588
4.89229
4.81519
4.24995
4.44357
4.48166
3.60156
3.58903
4.88653
2.95706
3.35505
4.5749
3.69383
2.82009
3.76855
3.53804
4.11934
3.66923
3.8994
3.35387
4.5116
3.19322
3.30854
3.60588
3.6844
3.12433
3.22592
3.16549
3.51926
2.68922
3.18278
3.32947
2.96834
3.1307
2.90414
3.60198
2.53137
3.08392
3.27414
3.12152
2.15445
3.9898
3.88771
2.92609
2.79156
3.53726
3.35008
3.53529
3.78996
3.40499
3.634
3.40161
3.58975
3.37134
3.23162
3.62833
3.77954
4.1902
3.99763
2.80371
2.76701
2.09239
3.07967
3.52086
3.24772
3.96762
3.72046
3.08145
3.61753
3.17836
2.87416
3.37697
3.58772
2.22894
3.36095
4.71894
4.09015
4.38165
4.2656
3.20542
3.87086
3.55875
3.59433
3.53768
3.62061
3.91718
3.86841
3.52533
3.85013
3.79847
3.74377
3.46698
3.35829
3.31368
2.84168
2.97203
2.96067
3.67754
3.52967
2.77413
2.8102
3.55121
3.63649
2.7289
2.47698
4.09257
3.93102
4.71027
4.34599
3.12811
3.4028
3.82253
4.34187
3.4759
2.70398
4.81775
4.83314
4.71938
4.60478
4.69443
4.32078
4.21528
4.94756
3.53822
4.56597
2.65333
3.45219
3.06437
4.23219
0.959213
3.22379
3.27057
3.05891
3.40451
3.66364
5.04631
3.2563
4.10325
4.46034
4.32175
4.06953
4.87308
3.84858
3.62635
3.26199
2.92365
2.00771
3.51606
1.82141
1.79038
2.17244
1.73152
1.8089
1.49213
1.81623
3.03473
3.06823
2.81612
3.3724
2.88269
2.99773
2.64904
2.64232
2.29732
2.81958
4.82667
4.42762
4.33872
4.67698
4.29737
4.46853
4.89196
4.86392
4.06906
4.32651
3.32381
2.8515
3.53434
0.745428
2.72755
2.25913
3.08469
2.12929
1.97224
1.67366
4.01538
1.72535
3.37189
3.0342
2.5798
2.58309
2.40119
2.46858
2.42204
3.1729
2.86218
3.90193
3.38559
3.94697
4.41642
3.88371
3.78199
3.2083
3.46843
3.05507
3.34878
4.16349
3.61775
3.45095
3.52362
3.96299
3.47103
3.71375
3.36026
3.30837
3.49221
3.38854
3.35709
3.82787
3.45939
3.41326
3.80011
3.98211
3.6889
3.50382
3.99945
3.48803
2.39111
3.34608
2.76157
3.69731
4.15855
2.34265
3.67002
3.10382
4.35189
3.90372
4.35642
4.43324
4.06062
3.06924
4.06323
3.45066
3.90385
2.7043
4.19067
4.86167
4.48704
4.08915
3.87606
4.93817
4.37865
3.95421
3.59319
4.5838
4.39591
4.67287
4.87443
4.8333
4.38574
4.3111
3.27166
3.02495
4.5589
4.40569
3.96549
4.18818
3.88255
3.69752
3.26174
3.75469
4.26656
3.65935
4.53444
3.54664
3.7328
3.04345
3.72485
3.84077
3.16666
3.07669
3.2935
3.66004
2.95483
2.82863
4.14597
4.08279
4.45696
3.79474
3.82689
3.94299
3.9404
3.90529
3.51255
3.20221
3.42719
3.31243
3.52535
3.52655
3.0533
2.09971
4.53355
3.44305
2.76751
2.88901
3.33887
2.2661
3.44395
3.86508
3.52215
3.95498
3.86206
3.43744
2.81823
2.94029
4.28569
3.59733
4.58834
4.36917
4.58862
4.44336
4.35072
3.29999
4.79874
3.76402
4.41323
4.22807
3.79428
4.17919
4.03409
3.3706
4.24411
3.49224
3.44208
4.38742
4.27747
3.87356
3.97815
4.36561
4.35948
3.96094
3.89603
4.23356
2.66508
2.53113
3.51769
3.337
3.73357
3.99206
3.34467
2.72815
2.84547
3.06298
3.50613
2.61689
3.56883
3.29034
3.28925
3.09535
3.37236
3.11451
2.49636
2.95235
1.77975
2.18365
4.14938
3.61457
3.71396
3.10737
3.73651
4.09719
3.16503
3.79472
3.78438
3.22757
4.27304
4.05431
4.40284
4.22458
4.15262
4.16243
3.53403
3.78355
4.02342
3.26265
3.38145
3.22495
2.99718
4.01135
3.55374
3.96503
3.59639
3.88024
3.98252
3.27274
4.53502
4.52104
1.93896
3.5525
4.14538
3.63609
3.271
3.21778
3.848
3.99526
5.12953
4.61252
3.97954
4.03217
4.11763
4.32121
4.74279
3.84439
4.54794
3.60572
4.44683
4.69006
3.95215
3.77924
3.93698
3.07371
4.56746
3.39039
3.11445
3.21859
3.90641
3.95955
3.90724
3.62278
3.43073
2.94586
3.29888
3.4358
2.98162
3.66353
3.51598
4.53435
3.99541
4.09748
4.06534
4.32412
3.17064
3.16732
3.40604
3.56751
3.70446
4.43948
3.79849
4.04468
4.37573
3.50289
3.58391
3.20841
2.55636
3.35622
2.63261
2.48894
3.88845
3.1295
2.89944
3.25494
3.15707
3.70171
3.23756
3.16242
4.29228
4.26308
4.1986
3.61991
3.84204
3.91274
3.69401
4.10605
3.9197
3.69791
4.15366
3.82918
3.13608
3.64899
3.62051
3.35764
3.06192
2.58846
3.17592
3.53079
3.28369
3.7398
3.29615
3.72675
2.63967
3.77918
3.56494
3.29433
3.66487
3.27055
2.36428
1.38366
2.72605
2.92633
2.25777
3.16056
2.37555
3.11641
3.08405
2.86246
3.92056
5.30446
2.98882
3.938
3.7726
3.34719
3.52055
3.18152
2.7499
2.93714
4.04966
3.78121
3.43074
3.59317
3.06712
3.94685
3.3141
3.34347
3.80013
3.07037
4.68757
4.40046
4.15802
3.57334
4.67872
2.81989
3.87105
3.84298
3.16116
3.02435
3.51846
4.00123
3.58053
3.12093
4.23709
3.73167
3.97114
3.70463
3.71321
3.57916
3.65638
3.50034
2.92859
3.74394
3.44961
3.47945
2.93658
3.2745
3.39416
2.47058
3.92488
4.06823
4.65987
3.27203
3.62938
3.59303
4.18221
3.80237
3.31505
3.64733
4.55812
4.18362
4.9379
4.20859
4.88542
4.7491
4.80401
4.39545
4.44986
3.7543
3.37712
3.62945
3.93949
3.52727
3.88065
3.69696
3.24411
3.18216
3.70634
3.53507
4.57884
4.80014
4.29047
4.28482
3.86683
4.59213
4.65725
4.33205
3.21113
4.39892
3.77052
3.89324
3.0149
3.54504
3.15804
2.44462
2.72069
3.46704
2.93504
3.04083
4.11844
4.09045
4.25792
4.05031
4.09876
3.51293
3.83543
4.01923
3.96955
3.84052
3.90093
3.72372
3.28583
3.83495
3.52737
3.54239
3.55153
4.06541
3.74417
3.00954
3.8949
4.15087
3.30522
3.22249
3.50771
2.50528
3.23137
3.83488
3.7086
2.86746
3.14283
3.22646
2.95325
3.67278
3.01672
3.22578
3.25003
3.13168
3.75187
3.08887
3.49309
3.10238
2.82572
3.05255
3.18103
3.183
3.85034
2.86607
2.81008
2.80018
4.50831
3.36137
2.90644
2.92742
2.6255
2.96138
3.86354
3.33487
2.62855
3.78066
3.49905
4.14349
3.65308
3.68065
3.08593
3.56196
3.3175
3.17197
3.38848
3.06831
3.34628
3.34592
3.55064
3.33791
3.19541
3.71287
2.6631
3.77551
3.07432
2.84824
3.78881
2.42158
3.78484
3.68856
2.82872
3.15278
2.61442
3.64902
3.48696
3.89925
3.3384
3.38723
3.17049
3.14412
3.00559
3.20125
3.00556
2.67769
2.62916
3.08189
3.4807
3.56591
2.79046
3.00548
4.27787
4.35315
3.71067
3.29077
3.32971
3.17244
3.20705
3.85935
3.85886
3.58721
3.95491
3.64478
3.18435
3.34821
2.95981
3.18174
3.74119
5.32623
4.4111
4.26724
4.32317
3.07011
3.64173
4.32926
3.15934
3.68539
3.56029
3.98554
3.45888
4.24529
4.09043
3.90418
3.51168
3.91085
2.86951
3.31781
3.38021
3.14816
3.48132
3.32467
2.71612
3.13816
3.46502
3.10964
3.3116
2.44782
3.41826
3.27276
3.27474
2.85726
3.30704
3.40447
3.98499
2.69172
2.61954
3.51738
3.63075
4.31115
3.47543
3.36695
4.11933
3.81158
3.84293
3.87528
2.9481
3.35113
4.75219
4.99655
5.03892
3.70149
3.20649
4.68924
3.20605
3.13108
4.74602
3.25185
3.93039
3.13672
3.849
4.03177
3.51726
3.67786
3.51059
4.02849
3.97162
3.601
3.39542
3.15484
3.32449
2.99207
3.1253
3.07168
2.89785
2.62682
3.51136
2.83972
4.43607
3.60941
4.02324
3.27758
3.84135
4.01219
3.06871
3.2752
2.76555
3.33712
3.96205
4.22975
2.2165
4.5854
4.13246
4.68943
4.44699
4.42787
4.07047
3.77587
3.09746
3.87115
3.74893
3.3803
3.73937
3.12284
2.66442
3.52026
1.08714
2.40981
3.60158
4.63084
3.56112
3.95572
3.77558
4.00062
3.82417
3.95092
3.37576
3.11222
3.8848
4.50537
4.11048
4.17651
3.63561
4.03409
3.79461
3.58384
4.52448
3.60222
3.09727
3.63424
4.01146
3.14276
4.85105
4.09649
4.21994
3.33243
3.78405
2.74093
3.66986
3.40548
3.51475
3.67011
3.5178
3.80103
3.87323
3.51106
3.67759
3.98191
2.62308
3.62144
3.34727
4.06764
3.74457
3.02631
3.62181
3.15367
2.24202
2.63561
3.8711
5.18246
5.23771
3.93248
4.15387
4.16759
2.835
4.72467
2.69216
4.22155
3.53981
3.52607
3.62988
3.51631
4.03993
2.79091
3.90989
3.71522
3.62384
3.11436
4.23731
3.66677
3.51719
4.53829
3.61353
3.99264
3.79447
4.16305
4.2916
3.55515
4.38156
4.22146
2.92634
3.46233
4.47864
4.75457
4.4948
4.06481
4.58694
4.45955
3.97617
3.6726
3.37587
4.03788
3.81928
3.26616
3.33329
2.90898
2.85224
3.50206
